Car -1 -1 -1.1262 1241.0000 90.4306 1241.0000 237.4356 1.0645 1.4563 2.1777 12.4885 0.4680 5.9500 0.0000 0.4133
Car -1 -1 -0.3993 894.6466 148.0830 929.5217 167.3184 0.5001 0.5982 0.6787 -8.1160 0.6503 -19.2343 0.0000 0.4686
Car -1 -1 -0.3235 836.1424 149.0129 863.3326 167.1124 0.5138 0.8146 0.5257 -7.0914 0.6856 -21.1497 0.0000 0.4076
Car -1 -1 0.5214 157.9977 144.7037 225.5804 164.9223 0.4813 0.9243 1.1510 10.3419 0.6847 -18.0051 0.0000 0.4404
Car -1 -1 -0.4641 935.3417 133.5290 1003.4409 145.6559 0.2177 1.1858 0.9379 -8.1122 0.8511 -16.2054 0.0000 0.7179
Car -1 -1 0.3453 327.0642 178.5850 367.8734 261.7312 2.1465 0.4185 0.9150 6.7870 -0.1511 -18.8684 0.0000 0.9988
Car -1 -1 -1.2804 1241.0000 182.5606 1241.0000 374.0000 0.6658 1.7560 1.5189 6.1181 0.7026 1.8283 0.0000 0.4959
Car -1 -1 -1.4898 1241.0000 0.0000 1241.0000 0.0000 0.4204 2.0315 1.4553 -17.5476 2.2803 -1.4236 0.0000 0.5196
Car -1 -1 -1.1582 1241.0000 0.0000 1241.0000 0.0000 0.4640 1.9385 1.6346 -14.3022 2.2722 -6.2609 0.0000 0.5695
Car -1 -1 -1.1018 1241.0000 0.0000 1241.0000 0.0000 0.1152 1.0076 0.9466 -17.7264 2.6515 -8.9829 0.0000 0.5304
Car -1 -1 -1.0831 1241.0000 0.0000 1241.0000 29.4123 0.5916 0.7095 0.6164 -16.6283 2.4155 -8.8208 0.0000 0.9511
Car -1 -1 0.4746 222.5203 178.3768 249.1405 271.5293 1.9978 0.3906 0.3766 8.0647 -0.1213 -15.6953 0.0000 0.9998
Car -1 -1 -1.3489 1241.0000 0.0000 1241.0000 0.0000 0.1037 2.2619 1.2807 -8.5220 2.0960 -1.9228 0.0000 0.6467
Car -1 -1 0.6543 0.0000 156.7444 96.0206 344.1406 1.6524 0.5237 0.4843 5.0831 0.1424 -6.6268 0.0000 0.9998
Car -1 -1 0.7285 0.0000 178.3130 33.8547 295.2221 2.1016 1.6330 1.4359 12.3708 -0.1107 -13.8659 0.0000 0.9992
Car -1 -1 0.8405 0.0000 178.4479 0.0000 330.1161 2.0745 2.4222 1.8663 12.4765 -0.0956 -11.1724 0.0000 0.8627
Car -1 -1 1.0637 0.0000 179.6158 0.0000 374.0000 1.9366 1.1869 0.9826 13.3236 -0.0745 -7.4012 0.0000 0.9996
Car -1 -1 1.1260 0.0000 181.3896 0.0000 374.0000 1.9926 1.7676 1.7518 15.0670 -0.0950 -7.1820 0.0000 0.9801
Car -1 -1 1.2164 0.0000 0.0000 0.0000 220.3767 1.6834 2.4570 2.5982 -13.7072 0.2537 5.0716 0.0000 0.7183
Car -1 -1 1.4628 0.0000 163.3391 0.0000 374.0000 1.9032 1.0940 1.2320 14.1643 0.0134 -1.5355 0.0000 0.9972
Car -1 -1 -1.2281 1241.0000 0.0000 1241.0000 195.0233 1.8591 2.2047 2.0214 12.0019 0.0981 4.2819 0.0000 0.9089
Car -1 -1 -1.1242 1241.0000 0.0000 1241.0000 167.6154 1.7770 2.8526 2.2496 15.5500 -0.0641 7.4468 0.0000 0.4527
Car -1 -1 -0.7311 1198.0602 70.4887 1241.0000 175.9182 1.9835 1.0449 1.5522 12.6405 0.0580 14.0947 0.0000 0.8139
Car -1 -1 -0.5012 972.4086 61.7707 1048.6654 188.6426 1.6797 0.7636 0.6256 5.4410 0.2094 9.9320 0.0000 0.9999
Car -1 -1 -0.4345 931.9923 90.5990 963.1022 179.2767 1.7738 0.4857 0.4052 6.8092 0.1288 14.6725 0.0000 0.9999
Car -1 -1 1.3437 0.0000 0.0000 0.0000 225.8189 1.6477 1.2157 1.1537 -15.0150 0.2106 3.4693 0.0000 0.9910
Car -1 -1 0.7113 0.0000 181.2582 39.2286 290.5094 2.1869 1.3951 1.1974 13.1427 -0.1854 -15.2505 0.0000 0.9992
Car -1 -1 0.9695 0.0000 183.7943 0.0000 344.8573 2.0654 2.5650 1.9276 15.6151 -0.1815 -10.7121 0.0000 0.7205
Car -1 -1 -0.4670 953.7904 110.8718 997.7789 166.4255 1.5856 0.8225 0.8689 10.6371 -0.1913 21.0971 0.0000 0.9992
Car -1 -1 0.3621 321.7020 201.4796 346.8273 234.6611 1.0685 0.4782 0.6493 9.0496 -0.9568 -23.8891 0.0000 0.9989
Car -1 -1 0.6289 46.8281 182.1805 114.8728 277.2112 2.1159 1.2028 0.7015 12.2107 -0.2244 -16.7873 0.0000 0.9996
Car -1 -1 0.5497 156.5561 207.6108 174.0952 238.4082 0.8908 0.4483 0.2491 13.2360 -1.0509 -21.6026 0.0000 0.9999
Car -1 -1 0.6132 88.5040 200.5234 110.9263 237.6657 1.1226 0.3375 0.4523 15.6442 -0.8585 -22.2311 0.0000 0.9993
Car -1 -1 0.9053 0.0000 223.0260 0.0000 268.7751 0.7093 0.8404 0.6611 15.9625 -0.9000 -12.5308 0.0000 0.4325
Car -1 -1 1.3454 0.0000 252.1024 0.0000 374.0000 1.0843 2.6730 1.5028 17.1132 -0.5771 -3.9238 0.0000 0.4993
Car -1 -1 -1.3094 1241.0000 0.0000 1241.0000 160.9976 1.7789 1.8520 1.9098 15.7996 -0.0844 4.2274 0.0000 0.3770
Car -1 -1 -0.8077 1241.0000 83.5383 1241.0000 157.0052 1.3257 0.9828 0.6015 14.3475 -0.3119 13.7209 0.0000 0.9957
Car -1 -1 -0.6989 1202.4751 82.2066 1234.9681 175.1784 2.0689 0.4433 0.3588 13.6777 0.0521 16.2749 0.0000 0.9999
Car -1 -1 -0.5944 1082.5813 116.5963 1117.5149 149.6575 0.7463 0.6990 0.3540 11.5740 -0.5615 17.1238 0.0000 0.9984
Car -1 -1 1.3826 0.0000 94.1487 0.0000 374.0000 1.5574 2.4903 1.8790 14.4905 0.1652 -2.7593 0.0000 0.4747
Car -1 -1 1.2976 0.0000 0.0000 0.0000 214.6252 1.5359 1.3685 1.3653 -19.9859 0.2851 5.5998 0.0000 0.9937
Car -1 -1 0.5309 170.9293 188.6999 196.9513 223.5036 1.1284 0.3036 0.6751 13.9078 -0.5231 -23.6862 0.0000 0.9997
Car -1 -1 1.0434 0.0000 215.2386 0.0000 266.5089 0.5231 1.0787 0.8667 15.1041 -0.5479 -8.7962 0.0000 0.5078
Car -1 -1 -0.8726 1241.0000 90.6104 1241.0000 168.9195 1.4447 0.6853 0.3581 16.3087 -0.0762 13.6856 0.0000 0.9999
Car -1 -1 -0.7261 1231.6742 133.1687 1241.0000 169.3172 0.8217 0.5887 0.4703 14.8746 -0.0832 16.7513 0.0000 0.9364
Car -1 -1 0.4117 247.6271 134.5200 342.0312 188.3179 1.4768 1.5532 2.0155 -8.9872 0.4248 20.5802 0.0000 0.5194
Car -1 -1 -0.3021 816.3766 179.7443 849.6725 207.6701 0.9692 0.8478 0.9222 -8.0014 -0.2489 -25.6766 0.0000 0.9643
Car -1 -1 -0.1903 737.1422 183.1466 757.7658 201.3711 0.8577 0.8131 0.8399 -6.7091 -0.5022 -34.8257 0.0000 0.9957
Car -1 -1 -1.2295 1241.0000 142.0309 1241.0000 290.7820 1.1810 0.6380 1.0001 -17.0356 0.2451 -6.0505 0.0000 0.5543
Car -1 -1 -1.2188 1241.0000 123.4419 1241.0000 324.5205 1.3372 1.3275 1.3915 -14.8788 0.3290 -5.4648 0.0000 0.9320
Car -1 -1 -1.1488 1241.0000 141.0479 1241.0000 303.3701 1.4453 0.5233 0.8996 -14.8990 0.2835 -6.6887 0.0000 0.9994
Car -1 -1 0.5036 184.6970 171.3067 234.3078 212.2611 1.4146 1.5387 0.9134 14.1590 0.0538 -25.6953 0.0000 0.8889
Car -1 -1 1.0061 0.0000 186.0155 0.0000 247.9412 0.8868 1.1769 1.1186 17.6394 -0.2141 -11.1735 0.0000 0.4636
Car -1 -1 -1.2791 1241.0000 41.1891 1241.0000 153.9979 1.0045 0.6127 0.2900 22.7476 -0.1862 6.8312 0.0000 0.9998
Car -1 -1 -0.1641 717.1642 170.2439 738.7784 188.1778 0.8703 0.9927 0.9009 -5.8805 0.1270 -35.5159 0.0000 0.9718
Car -1 -1 -1.0485 1241.0000 101.6471 1241.0000 157.6844 0.6817 0.6810 0.7020 16.1576 -0.2024 9.3003 0.0000 0.9937
Car -1 -1 -0.6532 1147.7658 144.8638 1180.2693 177.9620 0.9093 0.5702 0.4677 15.3857 0.1407 20.1055 0.0000 0.9988
Car -1 -1 -0.5897 1070.8989 159.9765 1119.5856 182.0178 0.5510 0.9022 0.6403 12.3710 0.2295 18.4873 0.0000 0.4462
Car -1 -1 -0.5588 1031.8572 134.7454 1095.8994 187.5540 1.2556 0.8939 0.9995 11.0040 0.3499 17.6001 0.0000 0.9962
Car -1 -1 -1.1579 1241.0000 132.0358 1241.0000 264.6099 1.2059 1.5575 1.1256 -16.7655 0.3717 -7.3448 0.0000 0.8005
Car -1 -1 -0.9620 1241.0000 166.1975 1241.0000 220.8548 0.7547 0.6207 0.3539 -14.7386 0.0923 -10.2755 0.0000 0.9991
Car -1 -1 -0.9480 1241.0000 153.8339 1241.0000 200.0106 0.7519 0.6460 0.4494 -16.8155 0.3101 -12.0751 0.0000 0.9972
Car -1 -1 0.5508 154.9262 167.2426 173.6727 208.3557 1.2283 0.3696 0.3368 13.3542 0.1680 -21.7440 0.0000 0.9996
Car -1 -1 -1.2481 1241.0000 122.0471 1241.0000 195.7373 0.6483 0.5935 0.2719 19.8637 0.2017 6.6419 0.0000 0.9963
Car -1 -1 -0.3349 854.4174 171.7112 870.1430 190.7448 0.7194 0.2293 0.5166 9.5316 0.6766 27.3853 0.0000 0.9998
Car -1 -1 0.5341 175.0686 161.4986 186.8465 172.0139 0.3433 0.2690 0.2273 14.0262 0.3715 -23.7181 0.0000 0.9980
Car -1 -1 1.1724 0.0000 153.7595 0.0000 244.3497 0.9533 0.3051 0.2090 18.4063 0.2013 -7.7483 0.0000 0.9998
Car -1 -1 -0.4733 938.5990 179.2424 1029.4208 206.1885 0.6307 2.1215 1.2216 9.4490 0.8038 18.4487 0.0000 0.4643
Car -1 -1 -0.5723 1037.5726 150.9791 1109.0834 187.2570 0.8281 1.3086 0.8561 -11.0344 0.4997 -17.1276 0.0000 0.9862
Car -1 -1 -0.2445 777.8945 159.8479 798.0986 181.5497 0.7687 0.4605 0.6082 -6.4340 0.4611 -25.7908 0.0000 0.9987
Car -1 -1 -1.3248 1241.0000 146.5450 1241.0000 249.9678 0.5276 1.0066 0.7829 16.6494 0.3937 4.1812 0.0000 0.5151
