Car -1 -1 0.5534 134.1311 206.4811 186.1961 247.0354 0.8680 1.4827 0.3331 10.7594 -0.8458 -17.4168 0.0000 0.9104
Car -1 -1 -0.2631 759.2386 93.9868 865.0596 172.9031 1.3387 2.6240 1.2508 3.6491 0.0012 13.5494 0.0000 0.8469
Car -1 -1 -0.3958 900.5660 195.9001 917.9277 229.0044 1.0429 0.3040 0.4294 -9.6501 -0.7421 -23.0969 0.0000 0.9997
Car -1 -1 -0.2377 772.3173 188.2989 793.8307 234.2600 1.7280 1.2532 0.5387 -6.8262 -0.6162 -28.1784 0.0000 0.9999
Car -1 -1 0.2323 420.9869 196.7681 454.1584 228.4522 1.6525 0.7694 1.5911 9.1315 -1.2916 -38.6005 0.0000 0.6102
Car -1 -1 0.2727 396.4898 203.7969 415.4580 227.6257 0.8313 0.4998 0.5444 7.2929 -1.1284 -26.0737 0.0000 0.9942
Car -1 -1 -0.1978 745.1585 138.8715 766.3822 153.8273 0.5674 0.8386 0.6789 5.7819 -0.7717 28.8560 0.0000 0.5164
Car -1 -1 -0.2506 784.0093 183.7812 801.7943 239.6784 1.9934 1.4803 0.2835 -6.8505 -0.4161 -26.7631 0.0000 0.9999
Car -1 -1 -0.2039 750.2460 194.4809 764.7101 226.6619 1.3206 1.1508 0.3847 -6.4005 -0.9448 -30.9600 0.0000 0.9996
Car -1 -1 0.3574 326.5154 200.4335 346.8688 247.6633 0.8523 0.5140 0.1886 5.0715 -0.5285 -13.5811 0.0000 0.9998
Car -1 -1 -0.6848 1167.3251 92.0208 1236.8023 162.2755 1.3878 0.3141 1.1342 11.8043 -0.2139 14.4544 0.0000 0.8674
Car -1 -1 -0.1773 728.0208 137.0229 752.1045 159.9286 1.1643 0.3661 1.1709 6.6408 -0.6669 37.0612 0.0000 0.9886
Car -1 -1 0.6227 75.3690 124.8632 112.5206 170.2426 0.9593 0.7476 0.2726 -11.2475 -0.0577 15.6664 0.0000 0.9996
Car -1 -1 -0.9170 1241.0000 173.7740 1241.0000 275.0327 1.1572 1.1770 0.7871 -11.5475 -0.0117 -8.8481 0.0000 0.9504
Car -1 -1 0.2571 411.4298 198.9091 425.0365 221.4037 0.8675 0.5570 0.3945 7.5611 -1.0479 -28.7533 0.0000 0.9999
Car -1 -1 0.3367 340.3492 199.9228 369.0324 227.5663 0.7505 0.5630 0.6130 7.1482 -0.7763 -20.4246 0.0000 0.9878
Car -1 -1 0.5628 135.3204 146.1326 178.3785 172.1288 0.5644 0.5262 0.6212 -10.0547 -0.0159 15.9397 0.0000 0.9970
Car -1 -1 0.6639 32.5391 120.6650 63.1643 171.2819 0.9705 0.6523 0.0941 -11.0926 -0.0313 14.1781 0.0000 0.9998
Car -1 -1 0.7903 0.0000 90.5910 0.0000 162.8731 0.7851 0.4439 0.5882 -8.1971 -0.1150 8.1173 0.0000 0.9994
Car -1 -1 0.3747 315.1360 191.5099 332.6054 215.0501 0.7899 0.8569 0.2737 9.9602 -0.6654 -25.3225 0.0000 0.9969
Car -1 -1 0.7033 0.0000 133.2700 23.1763 179.0729 0.7983 0.7145 0.2069 -10.9641 0.1087 12.9303 0.0000 0.9959
Car -1 -1 -0.9696 1241.0000 149.5209 1241.0000 261.9090 1.3421 0.9850 1.1186 -13.2842 0.2790 -9.1118 0.0000 0.9971
Car -1 -1 0.3809 304.1626 185.3619 332.8768 214.7096 0.9372 0.9950 0.5523 9.5959 -0.4237 -23.9655 0.0000 0.9972
Car -1 -1 0.8349 0.0000 114.7481 0.0000 154.5091 0.6332 0.3848 0.5202 -13.0932 -0.3061 11.8579 0.0000 0.9973
Car -1 -1 0.8866 0.0000 115.2646 0.0000 199.3478 0.8137 0.1238 0.1362 -8.6332 0.2567 7.0414 0.0000 0.9999
Car -1 -1 -0.8919 1241.0000 161.3214 1241.0000 197.2495 0.4076 0.4890 0.3839 -10.4524 0.1312 -8.4337 0.0000 0.5003
Car -1 -1 -0.9987 1241.0000 136.8023 1241.0000 202.5027 0.8960 0.6918 0.6514 -15.8246 0.4920 -10.1891 0.0000 0.9994
Car -1 -1 -0.8985 1241.0000 146.5402 1241.0000 174.1748 0.3739 0.5181 0.4509 -12.5946 0.3564 -10.0252 0.0000 0.3752
Car -1 -1 -1.3769 1241.0000 0.0000 1241.0000 270.5834 0.6804 0.6705 0.3013 -9.8106 0.4656 -1.9262 0.0000 0.9906
Car -1 -1 -0.1935 739.0345 141.0881 758.8650 163.4304 0.6248 0.4121 0.4854 -4.0287 0.8964 -20.5617 0.0000 0.9765
Car -1 -1 -0.1168 681.5953 267.4012 715.0742 276.1266 0.0286 0.8652 0.4582 1.4273 1.6802 12.1662 0.0000 0.7605
Car -1 -1 -1.0262 1241.0000 160.1902 1241.0000 339.6529 1.5852 1.0220 0.8194 -11.3697 0.1122 -6.8872 0.0000 0.9999
Car -1 -1 0.4250 173.6458 325.3928 375.7686 374.0000 0.0606 2.0174 1.0127 -3.1473 1.7451 6.9546 0.0000 0.5893
