Car -1 -1 0.2026 423.8617 122.2306 498.6765 169.9485 1.4476 2.3915 1.9173 -4.7723 -0.0980 23.2281 0.0000 0.8320
Car -1 -1 -1.4762 1241.0000 0.0000 1241.0000 148.6732 1.2477 0.9127 0.8619 8.7894 -0.0430 0.8336 0.0000 0.9946
Car -1 -1 -1.3655 1241.0000 0.0000 1241.0000 156.3076 1.2403 0.3230 0.5544 8.7710 -0.0453 1.8265 0.0000 0.9997
Car -1 -1 -1.3091 1241.0000 0.0000 1241.0000 130.7776 1.1761 0.5745 0.4404 11.6320 -0.1982 3.1151 0.0000 0.9998
Car -1 -1 -1.2461 1241.0000 0.0000 1241.0000 126.3489 1.1762 1.4875 1.5193 17.2613 -0.4222 5.8095 0.0000 0.6558
Car -1 -1 -0.8847 1241.0000 70.9406 1241.0000 150.0329 1.0714 0.3382 0.6117 12.2590 -0.3225 10.0376 0.0000 0.9963
Car -1 -1 -0.8315 1241.0000 99.5931 1241.0000 145.6816 0.9023 2.7067 0.5983 18.7221 -0.6936 17.0719 0.0000 0.5976
Car -1 -1 -0.7792 1241.0000 74.1419 1241.0000 158.0957 1.0989 0.5445 0.3475 9.6896 -0.2059 9.8100 0.0000 0.9999
Car -1 -1 -0.6735 1172.4203 77.0523 1207.4395 163.8602 1.1262 0.2604 0.2525 7.5927 -0.1199 9.5151 0.0000 0.9999
Car -1 -1 -0.5785 1029.3627 111.6145 1147.9730 134.7670 0.2281 1.1269 0.8178 6.2198 -0.5323 9.5242 0.0000 0.5682
Car -1 -1 0.2472 420.7697 131.3577 437.0563 167.7636 1.4242 0.5234 0.5137 -7.2076 -0.2030 28.5587 0.0000 0.9998
Car -1 -1 0.2747 393.4172 116.7058 421.7973 172.1606 1.4564 2.2694 0.1559 -5.6670 -0.0201 20.1102 0.0000 0.9524
Car -1 -1 0.1750 474.9148 206.8422 487.1378 215.1067 0.5081 0.1251 0.7390 7.9454 -2.1196 -44.9441 0.0000 0.4832
Car -1 -1 0.3580 322.6215 204.9385 354.1023 224.0340 0.9904 0.7128 1.4326 14.5817 -1.7486 -38.9783 0.0000 0.6503
Car -1 -1 -0.6518 1146.4408 102.8841 1180.2590 155.1985 1.0226 0.5468 0.2628 11.1100 -0.3626 14.5589 0.0000 0.9999
Car -1 -1 -0.6118 1100.7699 119.2711 1136.3692 157.0933 0.8446 0.3796 0.5444 11.5478 -0.3633 16.4581 0.0000 0.9998
Car -1 -1 0.2571 409.8758 205.5440 427.4256 220.2120 0.7488 0.5998 0.7770 10.1154 -1.7562 -38.4737 0.0000 0.9108
Car -1 -1 -0.6272 1120.6018 130.1278 1148.5063 153.0797 0.7335 0.7321 0.3977 17.4366 -0.6690 24.0537 0.0000 0.9842
Car -1 -1 0.0468 563.5567 140.5245 590.2824 167.2371 1.0969 1.1028 1.0765 -1.4253 -0.2407 30.4081 0.0000 0.9058
Car -1 -1 0.6571 7.3441 173.3151 89.3780 257.3966 1.6778 1.1810 0.7863 11.5694 -0.0096 -14.9977 0.0000 0.9964
Car -1 -1 -0.9774 1241.0000 92.7853 1241.0000 147.0269 0.7589 1.2170 0.9632 16.7259 -0.4253 11.2805 0.0000 0.9000
Car -1 -1 0.8633 0.0000 185.7682 0.0000 307.1493 1.7770 0.5183 0.6792 12.7219 -0.1990 -10.8805 0.0000 0.9983
Car -1 -1 0.1628 478.7821 154.2266 506.2984 177.5961 0.7828 0.8932 0.7939 -4.0437 0.1592 24.6144 0.0000 0.5752
Car -1 -1 -0.3298 830.5705 144.2394 889.3789 172.5362 0.6703 1.2592 1.0085 6.0700 -0.0077 17.7334 0.0000 0.5000
Car -1 -1 -0.2229 762.5707 157.1668 780.4051 233.6815 2.3682 1.3145 0.2732 -5.2111 0.4859 -22.9923 0.0000 0.9993
Car -1 -1 0.2649 403.8994 183.5253 421.3095 196.6097 0.6911 0.5205 0.7940 10.5267 -0.5773 -38.7978 0.0000 0.9671
Car -1 -1 0.6340 56.3618 165.7841 96.2959 214.4806 1.2274 0.5723 0.5994 13.5837 0.1786 -18.4751 0.0000 0.9968
Car -1 -1 -1.3710 1241.0000 80.5480 1241.0000 154.9209 0.3614 0.5629 0.6475 19.3586 -0.1041 3.9205 0.0000 0.4220
Car -1 -1 -0.2385 775.5925 154.7536 790.9028 226.9002 2.1081 1.2196 0.1667 -5.2753 0.5293 -21.6958 0.0000 0.9997
Car -1 -1 1.1057 0.0000 160.4140 0.0000 243.2072 0.8082 1.0459 0.9283 15.0843 0.1218 -7.5693 0.0000 0.6727
Car -1 -1 -1.0768 1241.0000 63.2546 1241.0000 209.6573 0.7428 1.8022 1.3078 8.4656 0.1871 4.5594 0.0000 0.6494
Car -1 -1 0.8184 0.0000 162.2574 0.0000 182.4700 0.4945 0.7745 0.8150 19.2771 0.2596 -18.0434 0.0000 0.4895
Car -1 -1 1.4723 0.0000 302.8936 0.0000 374.0000 1.4090 1.8892 0.8792 21.1212 -0.5454 -2.0861 0.0000 0.9769
Car -1 -1 -1.4401 1241.0000 361.3142 1241.0000 374.0000 0.3569 1.4766 0.3013 20.6033 1.2581 2.7078 0.0000 0.4383
Car -1 -1 1.3345 0.0000 0.0000 0.0000 43.1718 0.2742 1.5961 0.3746 21.5483 1.3502 -5.1892 0.0000 0.5482
Car -1 -1 -0.3038 804.0613 219.6102 875.3121 235.8424 0.2853 1.5168 1.2750 5.5833 1.4890 17.8082 0.0000 0.7070
Car -1 -1 -1.4456 1241.0000 374.0000 1241.0000 374.0000 0.3661 1.0681 0.5804 19.8995 1.3482 2.5051 0.0000 0.6761
Car -1 -1 -0.8459 1241.0000 241.5808 1241.0000 269.4643 0.3079 0.9782 0.3122 12.2662 1.3901 10.8654 0.0000 0.4650
Car -1 -1 1.2762 0.0000 0.0000 0.0000 16.7048 0.1211 0.8642 0.6113 19.3202 1.4832 -5.8631 0.0000 0.6619
Car -1 -1 1.3011 0.0000 0.0000 0.0000 16.6469 0.2006 2.2880 1.4972 17.7744 1.5118 -4.9137 0.0000 0.6333
Car -1 -1 1.1930 0.0000 0.0000 0.0000 21.0911 0.1158 1.0955 0.6877 15.8483 1.5536 -6.2893 0.0000 0.7590
Car -1 -1 1.3226 0.0000 0.0000 0.0000 0.0000 0.0950 1.2985 0.9861 15.3182 1.5735 -3.8818 0.0000 0.6339
