Car -1 -1 0.4205 238.2601 193.3339 326.5266 252.8140 1.0292 1.2569 1.0677 5.8755 -0.2479 -13.1381 0.0000 0.4568
Car -1 -1 0.5994 67.5615 216.8766 159.5682 244.9573 0.3244 1.5437 0.3524 7.4776 -0.6006 -10.9431 0.0000 0.5572
Car -1 -1 -1.3928 1223.0000 0.0000 1223.0000 103.6278 1.1087 1.6736 1.1043 12.6583 -0.3374 2.2779 0.0000 0.5100
Car -1 -1 -0.7926 1223.0000 58.2103 1223.0000 163.3771 1.3911 0.7716 0.3565 10.0028 -0.2466 9.8591 0.0000 0.9999
Car -1 -1 -0.7352 1208.3273 84.9554 1223.0000 163.1357 1.9704 0.5054 1.4912 16.4418 -0.4512 18.1797 0.0000 0.9859
Car -1 -1 -0.7079 1133.1395 54.0457 1223.0000 174.4016 1.8134 2.3881 0.9020 10.2395 -0.1119 11.9634 0.0000 0.9344
Car -1 -1 -0.5438 1000.0875 183.9157 1059.5218 239.5781 1.1991 0.9142 0.7731 -9.5213 -0.0764 -15.7497 0.0000 0.9960
Car -1 -1 0.9770 0.0000 99.9878 0.0000 165.8723 1.3282 1.3122 1.3637 -22.5132 -0.3265 15.1968 0.0000 0.9162
Car -1 -1 -0.2831 796.2410 189.4599 819.7958 224.7762 1.1415 0.3398 0.6719 -6.7232 -0.2930 -23.1146 0.0000 0.9969
Car -1 -1 0.9044 0.0000 198.1257 0.0000 291.1306 1.5169 0.5767 0.4341 15.1751 -0.3027 -11.9343 0.0000 0.9995
Car -1 -1 0.1044 528.4574 122.5173 537.1882 158.0687 0.7317 0.3503 0.1493 -1.5658 -0.4782 14.9425 0.0000 0.9998
Car -1 -1 0.8751 0.0000 125.2690 0.0000 166.9967 1.0610 1.1884 0.7659 -22.6999 -0.3718 18.9528 0.0000 0.9914
Car -1 -1 0.9274 0.0000 106.0708 0.0000 166.5683 1.3379 1.3596 1.2901 -22.1689 -0.3395 16.6246 0.0000 0.5225
Car -1 -1 -0.8119 1223.0000 99.3310 1223.0000 144.8270 1.2248 0.7278 0.3563 21.0539 -1.0243 19.9646 0.0000 0.9994
Car -1 -1 0.0272 584.5143 103.5626 590.8911 174.1235 1.4520 0.3171 0.1256 -0.4011 -0.1327 14.7318 0.0000 0.9999
Car -1 -1 1.1025 0.0000 2.1686 0.0000 236.3304 1.2590 0.5392 0.5075 -8.0386 0.3019 4.0660 0.0000 0.9999
Car -1 -1 1.0441 0.0000 124.2044 0.0000 169.8772 0.9297 1.0515 0.7712 -26.0648 -0.2341 15.1580 0.0000 0.9645
Car -1 -1 1.0013 0.0000 66.5584 0.0000 228.0268 1.0784 1.4840 0.6565 -8.5257 0.3191 5.4590 0.0000 0.9194
Car -1 -1 -0.8083 1223.0000 83.7237 1223.0000 190.2737 1.1063 0.8661 0.4777 8.1338 0.1032 7.7692 0.0000 0.9998
Car -1 -1 0.5533 145.8029 117.2686 198.1753 203.6134 1.0010 0.4544 0.3463 -5.2003 0.2696 8.4194 0.0000 0.9999
Car -1 -1 0.8428 0.0000 152.9407 0.0000 179.5002 0.7304 0.7120 0.9350 -22.2411 -0.0270 19.8220 0.0000 0.4055
Car -1 -1 1.1925 0.0000 0.0000 0.0000 279.0211 1.1200 0.5636 0.4375 -7.6051 0.3844 3.0230 0.0000 0.9999
Car -1 -1 -0.4661 946.2672 159.5699 970.1682 216.5721 1.9378 0.4329 0.6030 -12.2042 0.7135 -24.2578 0.0000 0.9998
Car -1 -1 -1.4078 1223.0000 0.0000 1223.0000 58.1574 0.7402 0.3311 0.0950 14.7402 -0.4471 2.4236 0.0000 0.9997
Car -1 -1 0.7558 0.0000 167.2984 0.0000 192.6575 0.5027 1.3499 0.7262 -13.8421 0.2426 14.6868 0.0000 0.6091
Car -1 -1 0.8104 0.0000 164.4943 0.0000 182.9601 0.5393 0.7113 0.7050 -22.0772 0.0734 21.0011 0.0000 0.5718
Car -1 -1 -0.7850 1223.0000 145.5415 1223.0000 163.5964 0.6188 0.3756 0.4541 -24.7584 1.2176 -24.7783 0.0000 0.9924
Car -1 -1 -0.6033 1070.1413 143.1315 1108.5365 195.1373 1.2791 0.7607 0.4429 -12.2462 0.9210 -17.7754 0.0000 0.9997
Car -1 -1 -0.3379 844.4486 173.5284 865.3706 192.0044 0.4629 0.0784 0.4976 6.2378 0.2899 17.7505 0.0000 0.9989
Car -1 -1 -1.2848 1223.0000 206.6337 1223.0000 253.8933 0.4187 0.4174 0.2096 22.7831 0.6759 6.6992 0.0000 0.9931
Car -1 -1 -1.1047 1223.0000 23.4878 1223.0000 122.1624 0.5245 0.4222 0.5243 -8.3978 0.8919 -4.2243 0.0000 0.9877
Car -1 -1 -1.0585 1223.0000 369.0000 1223.0000 369.0000 0.8237 1.6592 0.2843 7.0764 2.4476 3.9794 0.0000 0.8994
Car -1 -1 -0.8912 1223.0000 175.6494 1223.0000 313.7465 1.0050 1.3708 1.2583 -7.2227 0.0371 -5.8357 0.0000 0.5010
