Car -1 -1 0.1744 457.1053 127.9113 509.5307 173.1572 2.1883 0.9506 2.4037 -6.2313 0.0150 35.3694 0.0000 0.9235
Car -1 -1 0.4586 7.7747 134.5412 390.4990 374.0000 1.4286 2.1303 1.2138 2.2588 0.1866 -4.5756 0.0000 0.9729
Car -1 -1 0.8664 0.0000 236.3235 0.0000 292.5288 0.3397 1.3129 0.7958 7.6522 -0.6292 -6.5034 0.0000 0.6418
Car -1 -1 1.4344 0.0000 316.6144 0.0000 374.0000 0.6233 2.5210 1.1300 14.6963 -0.6521 -2.0169 0.0000 0.4858
Car -1 -1 0.6929 0.0000 80.0359 109.7204 192.2494 1.8782 1.5579 2.3313 -10.6708 0.3250 12.8530 0.0000 0.8184
Car -1 -1 -0.5436 901.6671 0.0000 1241.0000 218.4298 1.2377 1.0889 1.1308 2.2027 0.1964 3.6448 0.0000 0.9968
Car -1 -1 -0.1621 720.0769 97.5046 742.3843 175.8373 1.3057 0.4432 0.3039 2.0021 0.0501 12.2456 0.0000 0.9999
Car -1 -1 -0.0707 636.9286 125.6790 688.9794 167.7569 1.5163 1.4338 1.8339 1.9044 -0.1947 26.8895 0.0000 0.6489
Car -1 -1 1.1666 0.0000 0.0000 0.0000 253.5870 2.9261 1.5795 1.0369 -18.0028 0.7740 7.7012 0.0000 0.9999
Car -1 -1 -0.2188 761.0570 202.1121 776.6710 216.4868 0.7084 0.5001 0.6865 -8.1878 -1.5031 -36.8289 0.0000 0.4847
Car -1 -1 -0.5155 965.4532 106.2335 1087.2404 166.9215 0.8637 1.5328 1.0024 6.3362 -0.0979 11.1820 0.0000 0.3966
Car -1 -1 -0.1535 712.9078 187.2539 727.2954 204.5517 0.8493 0.7248 0.6146 -5.6317 -0.7332 -36.3955 0.0000 0.9978
Car -1 -1 0.1728 474.6533 188.0041 489.9038 209.7858 0.9970 0.5958 0.6080 5.8886 -0.7143 -33.7418 0.0000 0.9956
Car -1 -1 -0.2696 790.9651 176.8193 824.6530 209.1007 1.3201 1.1200 1.1024 -8.3454 -0.1687 -30.2058 0.0000 0.6503
Car -1 -1 -0.7462 1241.0000 175.7675 1241.0000 210.2547 0.5713 0.4360 0.6640 -11.2887 -0.0498 -12.2105 0.0000 0.9680
Car -1 -1 -0.4316 919.4230 138.1640 975.1869 186.0549 0.6289 0.8144 0.3826 4.5503 0.1737 9.8796 0.0000 0.8450
Car -1 -1 -0.2939 795.0257 161.3334 869.7533 181.9781 0.4491 1.6140 1.2108 4.9951 0.1988 16.5010 0.0000 0.5057
Car -1 -1 0.5473 129.9817 172.2180 198.9475 243.2818 1.0088 0.7226 0.5678 6.4644 0.0094 -10.6071 0.0000 0.8768
Car -1 -1 0.2157 447.2596 165.6475 458.9375 193.9526 0.9566 0.8319 0.2210 -5.4347 0.7134 24.7996 0.0000 0.9995
Car -1 -1 0.2421 425.8056 166.8356 440.7457 190.9722 0.7152 0.7554 0.2660 -5.3716 0.5372 21.7547 0.0000 0.9991
Car -1 -1 -0.2572 781.5300 163.8110 814.9560 196.2256 1.2372 1.3644 0.9506 -7.4240 0.3455 -28.2242 0.0000 0.5391
Car -1 -1 -0.2124 748.9527 159.1731 779.1517 191.3252 1.3092 1.2407 0.9899 -6.4703 0.5574 -30.0026 0.0000 0.9998
Car -1 -1 -1.2440 1241.0000 219.6421 1241.0000 320.5146 0.7758 0.3755 0.5353 -17.4463 -0.3952 -5.9143 0.0000 0.9743
Car -1 -1 -0.1789 731.3779 160.9961 746.2706 178.3237 0.8232 0.5602 0.6129 -6.2480 0.5637 -34.5600 0.0000 0.8999
Car -1 -1 -0.2794 756.8853 119.8562 877.8630 222.1368 1.2988 1.6652 1.1962 -2.8688 0.6734 -9.9979 0.0000 0.9266
Car -1 -1 -0.7913 1241.0000 122.0260 1241.0000 159.6300 1.2629 0.7217 1.4124 -25.1472 1.7253 -24.8499 0.0000 0.8983
Car -1 -1 -0.4745 940.1812 127.7755 1013.8624 172.7354 0.4580 0.9553 0.3131 -4.0233 0.4597 -7.8332 0.0000 0.4198
Car -1 -1 1.2008 0.0000 298.2731 0.0000 374.0000 0.8869 0.3571 0.4266 -16.0897 2.0035 6.2402 0.0000 0.9991
Car -1 -1 1.3963 0.0000 0.0000 0.0000 11.3467 0.0974 2.4100 1.1973 13.4010 0.8956 -2.3620 0.0000 0.5124
Car -1 -1 -0.2682 790.9473 232.6287 832.1013 249.1397 0.2209 1.4616 0.4851 4.3076 1.5806 15.6749 0.0000 0.6673
Car -1 -1 -0.8088 1241.0000 51.2404 1241.0000 95.7111 0.3431 0.7261 0.5975 -7.5365 1.1508 -7.1917 0.0000 0.5435
Car -1 -1 -0.2608 791.0123 202.8221 810.6475 217.7296 0.6153 0.5499 0.7022 -8.3163 -1.3053 -31.1632 0.0000 0.6317
Car -1 -1 0.8498 0.0000 271.5174 0.0000 374.0000 0.3729 0.9438 0.2985 -3.6833 0.8808 3.2371 0.0000 0.5257
