Car -1 -1 -1.1854 1241.0000 0.0000 1241.0000 182.7196 1.4640 0.7580 0.4228 9.2391 0.0465 3.7484 0.0000 0.9993
Car -1 -1 -1.1002 1241.0000 0.0000 1241.0000 161.9979 1.6627 1.5461 2.0152 15.3515 -0.1288 7.8097 0.0000 0.8074
Car -1 -1 -0.9642 1241.0000 41.3906 1241.0000 151.9843 1.1646 2.0032 1.6206 12.9344 -0.2883 8.9752 0.0000 0.3807
Car -1 -1 0.0719 549.7143 132.1783 568.6190 163.5345 1.0565 0.7030 0.6026 -1.7923 -0.3254 24.8690 0.0000 0.9986
Car -1 -1 0.0980 529.6965 130.4920 550.7433 162.9599 1.0024 1.1418 0.5669 -2.2807 -0.3256 23.1936 0.0000 0.9471
Car -1 -1 -0.5542 1016.8793 174.5050 1091.3667 270.0517 1.5635 0.9221 0.7000 -7.6048 -0.0288 -12.2870 0.0000 0.9997
Car -1 -1 -0.1070 670.3413 178.8675 697.9251 264.7353 1.3922 1.0681 0.3601 -1.3216 -0.1067 -12.3099 0.0000 0.9977
Car -1 -1 0.0587 565.1369 139.0111 572.5454 157.0073 0.6119 0.6301 0.2253 -1.4917 -0.5644 25.3989 0.0000 0.9988
Car -1 -1 -1.0791 1241.0000 64.7330 1241.0000 134.1308 0.7690 0.6619 0.6863 16.2304 -0.4841 8.6930 0.0000 0.9600
Car -1 -1 -0.5653 1053.8835 115.5336 1085.1719 158.3926 1.2809 0.9597 0.3582 14.1891 -0.4576 22.3655 0.0000 0.9995
Car -1 -1 -0.0566 633.9790 126.1686 670.9581 167.2709 1.4226 0.8794 1.2563 1.4473 -0.2006 25.5300 0.0000 0.9973
Car -1 -1 0.0299 576.7544 147.3372 602.1647 165.7076 0.7033 0.3659 0.9740 -0.8352 -0.2783 27.9452 0.0000 0.4562
Car -1 -1 -0.0742 649.9515 194.1926 672.7459 217.3098 0.6464 0.7527 0.6172 -1.5789 -0.6391 -21.2490 0.0000 0.4877
Car -1 -1 -0.7445 1156.4547 99.1420 1241.0000 197.7009 1.3088 1.7799 2.1899 9.6467 0.3303 10.4689 0.0000 0.5446
Car -1 -1 0.3224 273.1990 168.7253 438.7675 247.3571 1.0210 2.1060 1.6512 3.4818 0.0540 -10.4242 0.0000 0.3916
Car -1 -1 -1.1249 1241.0000 123.1018 1241.0000 200.4921 0.7871 1.0442 0.7099 16.4376 0.2814 7.8573 0.0000 0.9214
Car -1 -1 -0.6008 1085.3122 171.5199 1128.1597 204.1224 0.8426 0.9507 0.4805 13.1025 0.8085 19.1198 0.0000 0.9978
Car -1 -1 -0.0479 638.0056 181.6131 654.9361 214.7087 0.8845 0.8472 0.4243 0.9548 1.1319 19.9282 0.0000 0.9936
Car -1 -1 -0.0339 624.7260 179.7758 648.7937 216.8648 0.9223 1.3019 0.5792 0.6394 1.1096 18.8337 0.0000 0.9277
Car -1 -1 1.2473 0.0000 195.9569 0.0000 372.8241 0.6090 0.6033 0.7142 -8.5377 0.7107 2.8622 0.0000 0.5972
Car -1 -1 0.0446 559.2942 107.6609 589.9325 120.5516 0.2586 0.7188 0.7190 0.7923 1.5718 -17.7546 0.0000 0.4994
Car -1 -1 0.1235 488.2863 195.1149 548.1679 231.0841 1.4376 0.6586 2.3712 3.6702 -0.9223 -29.5786 0.0000 0.4810
Car -1 -1 -1.4544 1241.0000 0.0000 1241.0000 90.6337 1.0779 2.5019 0.8282 12.8686 -0.3140 1.5050 0.0000 0.4638
