Car -1 -1 0.3071 363.8340 125.3798 401.5040 168.1072 1.2034 0.4561 0.9320 -6.5316 -0.1367 20.5970 0.0000 0.9861
Car -1 -1 -1.4816 1241.0000 205.6918 1241.0000 374.0000 1.7259 2.2625 0.3046 -31.4502 -0.1790 -2.8132 0.0000 0.9860
Car -1 -1 -0.2593 795.2956 190.9727 816.9050 244.7316 0.6273 0.4746 0.1348 2.3381 0.8550 8.8137 0.0000 0.9997
Car -1 -1 1.5412 0.0000 0.0000 0.0000 0.0000 0.1487 0.9285 0.6112 22.3548 1.4788 -0.6627 0.0000 0.5685
Car -1 -1 1.4619 0.0000 0.0000 0.0000 0.0000 0.4424 2.8518 0.6551 16.2759 1.2360 -1.7798 0.0000 0.5540
Car -1 -1 -1.4693 1241.0000 374.0000 1241.0000 374.0000 0.4941 1.2801 0.4516 15.8527 1.2025 1.6139 0.0000 0.4522
Car -1 -1 0.1901 446.1648 165.3141 488.3372 277.3540 2.2231 0.7009 0.7190 2.8227 0.1500 -14.6698 0.0000 0.9999
Car -1 -1 0.4631 221.8175 192.6455 271.7168 252.2580 1.6039 0.3928 1.1676 9.8585 -0.5465 -19.7424 0.0000 0.9725
Car -1 -1 1.0175 0.0000 190.7838 0.0000 346.8268 2.0820 2.6964 1.8302 18.2740 -0.3136 -11.2881 0.0000 0.3783
Car -1 -1 1.0848 0.0000 193.6901 0.0000 352.6050 2.0255 0.7049 1.6144 18.2580 -0.2882 -9.6440 0.0000 0.9890
Car -1 -1 1.1515 0.0000 223.2650 0.0000 334.0035 1.5441 1.4756 1.0560 25.7410 -0.8526 -11.4730 0.0000 0.9469
Car -1 -1 1.3234 0.0000 261.6844 0.0000 374.0000 1.3797 1.2229 0.8698 27.6127 -0.9332 -6.9740 0.0000 0.9868
Car -1 -1 -1.5357 1241.0000 0.0000 1241.0000 0.0000 2.0521 1.0329 1.1351 24.2347 -0.3405 0.8502 0.0000 0.9980
Car -1 -1 -1.4892 1241.0000 0.0000 1241.0000 150.2510 2.6082 1.6441 0.8956 24.9342 -0.0894 2.0396 0.0000 0.9997
Car -1 -1 -1.3961 1241.0000 0.0000 1241.0000 151.6918 2.3631 1.6020 0.7912 24.1787 -0.1484 4.2685 0.0000 0.9993
Car -1 -1 -1.3635 1241.0000 0.0000 1241.0000 194.0050 2.6964 0.6736 0.4610 21.7825 0.1249 4.5812 0.0000 0.9999
Car -1 -1 -1.2779 1241.0000 0.0000 1241.0000 108.5639 1.1533 0.7697 0.7072 19.6957 -0.5634 5.9394 0.0000 0.9899
Car -1 -1 -1.2373 1241.0000 0.2370 1241.0000 102.9357 0.9068 0.5055 0.4579 20.1074 -0.6993 6.9650 0.0000 0.9993
Car -1 -1 -0.7717 1241.0000 91.4321 1241.0000 154.2525 1.1912 1.8999 1.3863 14.7821 -0.4159 15.1917 0.0000 0.5204
Car -1 -1 -0.6710 1108.2981 72.1323 1241.0000 180.5890 2.2747 1.8297 2.1433 12.7368 0.1626 16.0452 0.0000 0.9416
Car -1 -1 -1.3509 1241.0000 212.4904 1241.0000 374.0000 1.1982 1.0405 1.2245 -24.2711 -0.3261 -5.4257 0.0000 0.4849
Car -1 -1 0.7448 0.0000 213.1306 0.0000 249.4306 0.9611 0.4592 0.6209 18.2956 -1.1201 -19.8461 0.0000 0.9958
Car -1 -1 1.3977 0.0000 315.0538 0.0000 374.0000 1.1175 1.7165 0.7803 35.5374 -1.3925 -6.2120 0.0000 0.9619
Car -1 -1 -1.4487 1241.0000 0.0000 1241.0000 210.5404 2.8747 0.8749 1.0516 23.4546 0.1280 2.8782 0.0000 0.9993
Car -1 -1 -0.5652 1040.3833 115.9166 1098.4377 158.9277 1.4297 0.8557 1.4412 15.6582 -0.4844 24.6870 0.0000 0.7015
Car -1 -1 0.9457 0.0000 101.9545 0.0000 170.9857 1.5792 0.4272 0.3596 -23.1834 -0.0435 16.7292 0.0000 0.9999
Car -1 -1 -1.5500 1241.0000 374.0000 1241.0000 374.0000 1.1420 0.2453 0.4058 -23.7574 -0.2712 -0.4948 0.0000 0.9999
Car -1 -1 1.2801 0.0000 151.7514 0.0000 374.0000 2.0390 0.6629 0.7094 16.1746 0.1321 -4.8395 0.0000 0.9997
Car -1 -1 1.4444 0.0000 122.0443 0.0000 374.0000 1.9936 0.1847 0.5767 13.1442 0.1113 -1.6708 0.0000 0.9997
Car -1 -1 -1.0183 1241.0000 65.9734 1241.0000 144.2666 1.5136 0.1600 1.4748 22.8438 -0.5609 14.0843 0.0000 0.9911
Car -1 -1 -0.7201 1219.3259 97.1042 1241.0000 164.6032 2.0417 1.6909 0.1578 20.0667 -0.2709 22.8743 0.0000 0.9997
Car -1 -1 -0.4767 968.4648 128.3067 999.3525 154.8209 1.0379 1.0961 0.6958 15.2538 -0.7516 29.5360 0.0000 0.9877
Car -1 -1 1.1949 0.0000 227.7598 0.0000 319.9419 1.2720 1.1939 0.7124 28.5451 -0.9022 -11.2669 0.0000 0.9404
Car -1 -1 -1.2462 1241.0000 21.3561 1241.0000 152.9515 2.1485 1.1139 0.3856 37.1597 -0.3600 12.5030 0.0000 0.9997
Car -1 -1 -0.6865 1188.4612 119.1602 1217.2418 159.8446 1.3274 1.0744 0.0908 20.0108 -0.4497 24.4194 0.0000 0.9997
Car -1 -1 -0.9795 1241.0000 208.7917 1241.0000 249.0290 0.6588 2.2175 0.3365 -22.1961 -0.7971 -14.9047 0.0000 0.5457
Car -1 -1 -1.0029 1241.0000 183.4944 1241.0000 214.8893 0.8427 0.2309 0.7435 -30.6644 -0.2898 -19.5633 0.0000 0.9864
Car -1 -1 -0.9592 1241.0000 169.5197 1241.0000 216.1890 1.2656 0.7785 0.6723 -28.4612 0.0908 -19.9596 0.0000 0.9992
Car -1 -1 -0.8967 1241.0000 180.9071 1241.0000 202.7888 0.6614 1.0109 0.1784 -28.3979 -0.2585 -22.6895 0.0000 0.9708
Car -1 -1 -0.7400 1237.4977 173.2649 1241.0000 220.6883 1.6055 0.9464 1.1982 -22.7488 -0.0141 -24.9121 0.0000 0.9805
Car -1 -1 1.1695 0.0000 200.6527 0.0000 272.6893 1.0459 0.8556 0.4786 26.4832 -0.4489 -11.2369 0.0000 0.9955
Car -1 -1 1.3547 0.0000 250.2361 0.0000 337.9059 0.8505 0.6045 0.8009 35.7044 -0.8723 -7.8379 0.0000 0.9488
Car -1 -1 -0.4493 946.3514 148.2467 971.5015 167.3803 0.8150 0.6820 0.7597 15.0743 -0.2394 31.2656 0.0000 0.3780
Car -1 -1 -0.9253 1241.0000 159.6896 1241.0000 313.4024 1.7081 0.3806 0.2889 -10.9025 0.1466 -8.2111 0.0000 0.9999
Car -1 -1 1.1140 0.0000 157.0094 0.0000 299.0257 2.7596 0.7271 1.6946 29.2714 0.3082 -14.3872 0.0000 0.9997
Car -1 -1 -1.1244 1241.0000 96.8363 1241.0000 169.1707 1.4436 0.5139 1.2207 30.6745 -0.0759 14.6805 0.0000 0.9982
Car -1 -1 1.2337 0.0000 201.0953 0.0000 258.1137 0.7654 0.7640 0.3508 29.8090 -0.4235 -10.4488 0.0000 0.9785
Car -1 -1 -0.4945 990.1534 156.6578 1010.1069 176.9715 0.8317 0.7189 0.4377 16.1199 0.1689 29.8968 0.0000 0.9949
Car -1 -1 -0.4753 961.4155 147.1109 1004.1783 186.8425 1.5975 1.4049 1.0343 15.2896 0.5628 29.7107 0.0000 0.9910
Car -1 -1 -0.7086 1202.0400 165.0434 1241.0000 195.4869 1.0940 1.9483 0.2240 -23.0632 0.2810 -26.9063 0.0000 0.9671
Car -1 -1 -0.6687 1156.2118 165.6601 1201.2729 194.5179 1.1286 1.3431 0.7447 -22.8284 0.2817 -28.8924 0.0000 0.9673
Car -1 -1 -1.4218 1241.0000 0.0000 1241.0000 165.2868 1.1070 0.5711 0.5445 25.9617 -0.0435 3.8983 0.0000 0.9983
Car -1 -1 -0.7425 1241.0000 162.3938 1241.0000 192.8654 0.8670 1.3029 0.7164 19.4330 0.5697 21.1776 0.0000 0.5994
Car -1 -1 -0.8364 1241.0000 193.5003 1241.0000 255.0335 1.0988 0.5543 0.4902 -14.7862 -0.3895 -13.3506 0.0000 0.9968
Car -1 -1 1.3739 0.0000 14.9221 0.0000 261.3936 0.9969 0.1260 0.4649 -14.9306 0.3585 2.9785 0.0000 0.9997
Car -1 -1 -0.7781 1241.0000 157.5509 1241.0000 176.4610 0.5874 1.7772 0.4283 -22.9670 0.4757 -23.3035 0.0000 0.4651
Car -1 -1 1.1392 0.0000 170.9402 0.0000 224.6801 1.0484 0.3617 0.9081 30.9644 0.0377 -14.2604 0.0000 0.9960
Car -1 -1 1.2875 0.0000 174.5282 0.0000 249.5357 0.5249 1.4635 0.6234 -19.9606 0.5404 5.8107 0.0000 0.4630
Car -1 -1 -1.0434 1241.0000 116.7534 1241.0000 186.5303 0.7495 1.7443 0.3949 -14.8088 0.6029 -8.6248 0.0000 0.8372
Car -1 -1 1.0686 0.0000 140.5056 0.0000 234.0951 1.8747 0.3919 2.6303 26.6819 0.6483 -14.6522 0.0000 0.5323
Car -1 -1 -0.8216 1241.0000 150.5678 1241.0000 203.2039 1.3751 1.4181 0.3837 21.0255 0.7932 19.5563 0.0000 0.9977
Car -1 -1 -0.4728 932.4697 173.0330 1022.3520 268.5343 1.7113 1.1617 1.0910 -6.9125 -0.0031 -13.5152 0.0000 0.9954
Car -1 -1 -0.8381 1241.0000 139.3339 1241.0000 178.0713 0.7124 0.3465 0.3495 -14.9453 0.6168 -13.4463 0.0000 0.9978
Car -1 -1 1.3631 0.0000 126.6296 0.0000 213.1135 0.8588 0.6778 0.6498 35.6155 0.4594 -7.5069 0.0000 0.9502
Car -1 -1 -0.5348 1016.3798 179.3509 1062.4054 201.2248 0.7462 1.6910 0.6486 15.3783 0.9879 25.9577 0.0000 0.4118
Car -1 -1 -1.1346 1241.0000 186.3742 1241.0000 244.2844 0.8963 1.4911 1.0254 26.3011 1.1404 12.2587 0.0000 0.7684
Car -1 -1 -1.0753 1241.0000 170.6804 1241.0000 230.4665 1.0115 1.1693 0.8389 23.6633 0.9751 12.7894 0.0000 0.9512
Car -1 -1 -1.2437 1241.0000 206.3889 1241.0000 249.2416 0.6528 0.4713 0.8438 34.1673 1.2031 11.5936 0.0000 0.9118
Car -1 -1 -0.3292 841.0305 177.2265 867.2678 251.1058 2.0432 0.5137 0.5619 -6.9169 -0.1239 -20.2449 0.0000 0.9999
Car -1 -1 -1.0655 1241.0000 193.7754 1241.0000 241.5309 0.7626 0.8145 0.3743 22.2044 1.1310 12.2836 0.0000 0.9990
Car -1 -1 0.8518 0.0000 121.5539 0.0000 174.9943 1.0337 0.6020 0.2998 16.2936 0.9927 -14.2607 0.0000 0.9986
Car -1 -1 1.2214 0.0000 93.8196 0.0000 149.9851 0.9294 1.2153 0.2802 35.8047 1.3624 -13.0448 0.0000 0.9844
Car -1 -1 -0.9180 1241.0000 182.2845 1241.0000 254.9311 0.8250 0.9262 0.5470 11.4744 0.9461 8.7744 0.0000 0.9743
Car -1 -1 -0.8710 1241.0000 191.7878 1241.0000 243.5333 0.7134 1.3799 0.4494 13.2309 1.0242 11.1395 0.0000 0.8742
Car -1 -1 -0.2847 811.4704 143.4782 826.1293 166.0438 0.6366 0.7706 0.2026 -6.1380 0.8385 -20.9760 0.0000 0.9820
