Car -1 -1 0.2400 424.8181 126.9826 445.6924 163.8523 0.9189 0.4011 0.4320 -4.4730 -0.2302 18.2777 0.0000 0.9999
Car -1 -1 0.5393 138.3728 70.3764 225.6440 184.2911 1.1617 0.5432 0.6010 -4.5647 0.1170 7.6273 0.0000 0.9999
Car -1 -1 -1.0482 1241.0000 214.7272 1241.0000 254.4119 0.5403 0.9581 0.2354 -19.6452 -0.6840 -11.3154 0.0000 0.9398
Car -1 -1 1.4206 0.0000 0.0000 0.0000 0.0000 0.0582 1.2943 0.5028 13.9777 1.7201 -2.1148 0.0000 0.5154
Car -1 -1 1.0182 0.0000 353.3921 0.0000 374.0000 0.0922 1.9274 1.4623 -7.9094 1.5548 4.8773 0.0000 0.6960
Car -1 -1 -0.9752 1241.0000 0.0000 1241.0000 12.7058 0.0296 1.4395 0.5611 -9.0224 1.5461 -6.1138 0.0000 0.7531
Car -1 -1 -0.9805 1241.0000 0.0000 1241.0000 3.3435 0.0569 1.8519 1.2195 -8.2720 1.5761 -5.5418 0.0000 0.5330
Car -1 -1 -0.8415 1241.0000 197.3229 1241.0000 249.5127 1.0549 1.8863 0.8896 -18.3668 -0.5882 -16.4147 0.0000 0.8548
Car -1 -1 -0.6199 1059.5935 125.3766 1173.6379 374.0000 1.3298 0.4402 0.2733 -2.6328 0.2284 -3.6888 0.0000 0.9999
Car -1 -1 -0.2536 785.1252 190.4579 803.5027 240.4242 1.2027 0.4731 0.3315 -4.6071 -0.4390 -17.7732 0.0000 0.9999
Car -1 -1 0.5060 165.9830 157.7328 243.8602 307.7090 2.2280 0.4352 0.9363 6.0615 0.2250 -10.9391 0.0000 0.9996
Car -1 -1 1.5280 0.0000 374.0000 0.0000 374.0000 0.7784 0.8028 0.5990 32.4902 -1.3502 -1.3922 0.0000 0.8854
Car -1 -1 -0.8767 1241.0000 44.1834 1241.0000 160.0757 1.1388 0.6231 0.2590 8.9725 -0.1375 7.4674 0.0000 0.9986
Car -1 -1 -0.6621 1149.2035 111.1702 1199.2853 157.7077 1.5759 1.3310 0.7305 19.8985 -0.5496 25.5289 0.0000 0.9996
Car -1 -1 -0.3013 821.3851 200.6251 842.5814 224.5658 0.7107 0.5708 0.4812 -6.9509 -0.8715 -22.3709 0.0000 0.5568
Car -1 -1 -0.1868 737.7743 180.7205 750.8601 242.7593 2.2203 0.3033 0.4151 -4.9168 -0.2849 -26.0158 0.0000 0.9999
Car -1 -1 -0.1227 687.7423 195.3285 705.7018 230.8676 1.0736 0.4916 0.4970 -2.7571 -0.7036 -22.3559 0.0000 0.9985
Car -1 -1 0.5961 80.1789 180.9576 152.7232 276.5958 2.1090 0.7800 1.1126 11.1064 -0.1878 -16.3704 0.0000 0.9992
Car -1 -1 -0.6980 1195.8014 108.2145 1238.6975 156.2692 1.4469 1.2531 0.2991 19.1101 -0.5377 22.7807 0.0000 0.9992
Car -1 -1 -0.6395 1125.0173 111.9533 1170.7478 162.7497 2.1677 0.8606 1.3476 23.3479 -0.4453 31.3899 0.0000 0.9999
Car -1 -1 0.1525 494.6138 137.9341 505.6595 160.9261 0.9049 0.2880 0.3955 -4.4097 -0.4763 28.6874 0.0000 0.9999
Car -1 -1 0.4818 224.4532 142.4954 242.6713 158.2385 0.6869 0.6880 0.4612 -16.9737 -0.6642 32.4631 0.0000 0.9863
Car -1 -1 -0.5079 1006.2700 96.6275 1021.4544 173.0667 1.6968 0.2779 0.1843 8.9911 0.0051 16.1526 0.0000 0.9998
Car -1 -1 -0.3957 897.9880 137.5831 927.0680 167.4642 1.2673 0.7899 0.9233 13.0074 -0.2352 31.1367 0.0000 0.9779
Car -1 -1 -0.4157 921.3651 136.3546 938.0748 166.1497 1.1089 0.4179 0.4435 11.9880 -0.2539 27.1546 0.0000 0.9999
Car -1 -1 -0.9593 1241.0000 162.6422 1241.0000 253.3037 0.7282 2.9035 0.6266 -10.3408 0.0824 -7.2497 0.0000 0.5897
Car -1 -1 0.8250 0.0000 195.1187 0.0000 240.2323 0.6926 0.1374 0.6950 12.1407 -0.3478 -11.2159 0.0000 0.5001
Car -1 -1 1.3980 0.0000 249.7578 0.0000 369.5979 0.7309 0.6751 0.3974 29.6380 -0.5868 -5.1743 0.0000 0.9965
Car -1 -1 1.4510 0.0000 84.1470 0.0000 374.0000 1.8233 1.1261 1.0433 23.8381 0.2836 -2.8697 0.0000 0.9844
Car -1 -1 -0.5196 1013.4813 147.9801 1033.8898 174.1309 1.1183 0.2082 0.7562 17.7083 0.0550 30.9575 0.0000 0.9997
Car -1 -1 0.4303 245.0484 171.3450 314.1763 185.6966 0.3264 1.3033 1.0388 -7.8315 0.2925 17.0607 0.0000 0.5425
Car -1 -1 1.1658 0.0000 174.2112 0.0000 185.4647 0.0851 0.9949 0.7029 -14.1580 0.0978 6.0687 0.0000 0.6907
Car -1 -1 -0.1237 693.3149 163.0256 708.0003 185.7087 1.0095 0.5509 0.5896 4.0265 0.5725 32.3852 0.0000 0.9996
Car -1 -1 0.1331 503.9742 172.1907 525.3013 185.8086 0.4431 0.6521 0.6177 -3.1862 0.4218 23.7986 0.0000 0.7630
Car -1 -1 -0.4177 913.9066 174.1615 950.6961 194.2752 0.5894 1.4988 0.4508 9.7574 0.6310 21.9878 0.0000 0.4254
Car -1 -1 -0.3238 837.6042 165.6321 868.6496 189.3704 1.0203 0.3387 1.2273 10.4626 0.7103 31.1794 0.0000 0.8438
Car -1 -1 0.7874 0.0000 173.5581 25.1177 207.5181 0.3251 2.1094 1.2733 -8.0358 0.3343 8.0034 0.0000 0.5564
Car -1 -1 -0.3885 894.7219 174.9293 919.2810 195.1940 0.6446 1.0703 0.3620 9.6587 0.7144 23.5948 0.0000 0.4783
Car -1 -1 0.0951 523.0371 150.0715 553.4194 194.6875 1.2210 1.0627 0.7488 1.9336 0.6238 -20.2801 0.0000 0.9999
Car -1 -1 1.2214 0.0000 179.3715 0.0000 308.6171 0.3172 2.2391 1.2740 -8.2359 0.3548 3.0007 0.0000 0.5568
Car -1 -1 -0.2695 790.9681 155.4920 821.2508 172.8542 0.3276 0.5945 0.4219 -3.8434 0.3280 -13.9150 0.0000 0.4645
Car -1 -1 -0.1206 688.0179 155.2390 702.7958 173.2015 0.6416 0.2308 0.5027 -3.1387 0.6295 -25.8898 0.0000 0.9610
Car -1 -1 -0.8038 1241.0000 116.2477 1241.0000 135.9993 0.3250 2.0511 0.4999 -17.3553 1.2320 -16.7274 0.0000 0.5772
Car -1 -1 -1.1811 1241.0000 240.2568 1241.0000 265.1197 0.1577 1.1028 0.2636 -19.7663 -0.8093 -8.1191 0.0000 0.6377
Car -1 -1 1.4392 0.0000 0.0000 0.0000 19.1394 0.6932 0.6113 0.3322 23.6677 1.4253 -3.1320 0.0000 0.9918
Car -1 -1 0.9950 0.0000 272.6169 0.0000 297.7316 0.1296 1.2394 0.5512 -14.2668 1.4967 9.2627 0.0000 0.5494
Car -1 -1 -0.7915 1241.0000 92.2829 1241.0000 104.2820 0.1212 1.1825 0.5762 -14.8216 1.5689 -14.6410 0.0000 0.6600
Car -1 -1 1.4454 0.0000 0.0000 0.0000 18.8192 0.7973 0.7643 0.5028 18.1649 1.3674 -2.2895 0.0000 0.9545
Car -1 -1 -1.0760 1241.0000 115.3621 1241.0000 374.0000 1.2154 0.5632 0.3925 -4.5339 0.1726 -2.4464 0.0000 1.0000
Car -1 -1 -0.9211 1241.0000 38.6806 1241.0000 56.4798 0.0105 1.1843 0.5940 -11.5366 1.5195 -8.7646 0.0000 0.7054
Car -1 -1 -0.9340 1241.0000 30.3241 1241.0000 50.5982 0.0205 1.1494 0.4790 -11.1411 1.5138 -8.2391 0.0000 0.7466
Car -1 -1 -0.9637 1241.0000 0.0000 1241.0000 52.1253 0.1016 2.7552 1.4775 -10.1347 1.5098 -7.0394 0.0000 0.5862
