Car -1 -1 -0.7322 1152.2985 182.2887 1241.0000 287.0296 1.3320 2.7026 1.0108 -9.6832 -0.1581 -10.7731 0.0000 0.5142
Car -1 -1 -0.2087 747.6647 187.6867 774.7522 232.6873 2.0177 0.7440 1.0814 -6.9822 -0.6850 -32.9723 0.0000 0.9987
Car -1 -1 0.3721 289.6494 183.0853 358.4324 260.3328 1.8857 1.6808 1.1153 7.2904 -0.2764 -18.6790 0.0000 0.9987
Car -1 -1 0.8534 0.0000 244.9176 0.0000 258.9807 0.0975 0.5627 0.2621 9.3650 -0.8435 -8.1708 0.0000 0.6858
Car -1 -1 1.3394 0.0000 250.0070 0.0000 374.0000 1.2479 0.1678 0.6920 15.3109 -0.3940 -3.6070 0.0000 0.9985
Car -1 -1 -0.5464 992.2435 49.1136 1127.2683 184.5731 1.4297 1.6031 0.5749 5.1168 0.1240 8.4142 0.0000 0.9981
Car -1 -1 -0.4491 900.7826 94.4247 1030.2000 164.2750 1.0675 1.7623 1.3054 5.8422 -0.1543 12.1219 0.0000 0.4888
Car -1 -1 -0.2059 741.4696 129.7862 782.9142 161.7572 1.1742 0.8861 1.3779 5.6921 -0.4256 27.2487 0.0000 0.8621
Car -1 -1 0.6957 0.0000 126.8804 42.4997 162.3403 1.0234 1.2095 1.0615 -18.1885 -0.3259 21.7844 0.0000 0.6919
Car -1 -1 -0.2304 758.6216 182.3410 796.2141 248.9998 1.6878 1.7429 0.6047 -4.5477 -0.2660 -19.3914 0.0000 0.9997
Car -1 -1 0.7255 0.0000 119.1813 4.6220 167.6418 1.3307 1.2099 0.8521 -18.2200 -0.1524 20.5447 0.0000 0.9935
Car -1 -1 -1.1607 1241.0000 199.7986 1241.0000 339.2767 0.8779 0.3786 0.4715 -11.0556 -0.1861 -4.8067 0.0000 0.9932
Car -1 -1 0.3293 329.1466 192.0703 390.9621 235.9640 1.3099 1.4853 1.4505 7.8361 -0.6300 -22.9289 0.0000 0.5488
Car -1 -1 0.3612 326.9273 207.3462 342.4066 232.0088 0.6403 0.4252 0.2572 7.3824 -0.9439 -19.5433 0.0000 0.9986
Car -1 -1 0.1051 527.3811 169.1621 542.0319 183.5815 0.6731 0.4897 0.6381 -3.5771 0.5011 33.9256 0.0000 0.9699
Car -1 -1 -0.3873 891.6342 153.9825 921.1597 174.0265 0.5225 0.8828 0.4245 7.8505 0.0309 19.2474 0.0000 0.9673
Car -1 -1 0.3398 296.8989 146.5848 397.7515 179.9713 0.5800 2.1185 1.1302 4.8069 0.4567 -13.5972 0.0000 0.4230
Car -1 -1 1.4407 0.0000 0.0000 0.0000 52.7006 0.0684 2.5952 1.0951 15.6512 0.6255 -2.0482 0.0000 0.5337
Car -1 -1 1.4402 0.0000 0.0000 0.0000 34.9167 0.1239 2.9244 1.4397 13.1619 0.7336 -1.7282 0.0000 0.5923
Car -1 -1 1.4871 0.0000 0.0000 0.0000 0.0000 0.0655 0.2556 0.1708 -5.6185 -0.3780 0.4715 0.0000 0.5235
Car -1 -1 -1.5033 1241.0000 248.7472 1241.0000 374.0000 0.9151 1.1740 0.5797 -13.6758 -0.1583 -0.9243 0.0000 0.4657
