Car -1 -1 1.1215 0.0000 203.7165 0.0000 374.0000 1.1362 1.7498 1.4697 10.4694 -0.2529 -5.0486 0.0000 0.5715
Car -1 -1 -0.6336 1093.2764 113.0287 1192.5275 159.1126 1.6954 2.0475 2.3626 20.6986 -0.5558 28.1758 0.0000 0.6408
Car -1 -1 -0.5793 1058.9193 112.6138 1108.1474 161.8131 1.6626 0.6486 1.2695 16.2547 -0.3849 24.8499 0.0000 0.9993
Car -1 -1 0.3346 347.8015 132.2817 372.2720 165.7129 1.2243 1.1151 0.5375 -9.4633 -0.2745 27.2162 0.0000 0.9999
Car -1 -1 0.3428 334.8860 116.9542 371.5228 179.8836 2.1889 1.5779 0.7538 -9.2369 0.2449 25.8835 0.0000 0.9997
Car -1 -1 0.5432 165.2902 76.5791 190.3623 197.0687 1.8010 0.2562 0.2259 -6.5877 0.3623 10.9107 0.0000 0.9998
Car -1 -1 -0.3664 863.3007 175.0233 908.3813 255.4670 2.4354 2.5549 0.4706 -8.8998 -0.0732 -23.1933 0.0000 0.9984
Car -1 -1 -0.2999 823.2622 183.2006 839.4395 238.8327 2.1745 0.9113 0.3662 -8.9162 -0.4196 -28.8309 0.0000 1.0000
Car -1 -1 0.7970 0.0000 203.3191 0.0000 257.3312 1.1402 1.0083 0.4682 16.6916 -0.7093 -16.3073 0.0000 0.9997
Car -1 -1 -0.7171 1204.3370 111.3376 1241.0000 154.3495 1.5046 1.4994 1.4156 23.2210 -0.7019 26.6314 0.0000 0.9739
Car -1 -1 -0.6813 1182.6114 103.4587 1211.0638 161.0097 1.6088 0.4928 0.4080 16.6353 -0.3405 20.5151 0.0000 1.0000
Car -1 -1 0.3062 374.2554 138.1751 391.2792 162.0844 0.9694 0.7525 0.4706 -9.4757 -0.4526 29.9679 0.0000 0.9996
Car -1 -1 -0.3145 834.5561 185.7995 851.0691 236.2673 1.8933 0.5683 0.4456 -8.9460 -0.4981 -27.5009 0.0000 0.9999
Car -1 -1 -0.2786 806.5629 182.9325 822.8504 237.8886 2.3166 0.7907 0.4740 -8.8569 -0.4376 -30.9591 0.0000 0.9999
Car -1 -1 -0.3347 839.9755 175.0567 879.1975 251.9011 2.6056 1.9759 0.7020 -8.8728 -0.0805 -25.5131 0.0000 1.0000
Car -1 -1 0.7383 0.0000 196.9911 0.0000 246.0097 1.2099 0.3249 1.1388 16.5015 -0.6116 -18.1340 0.0000 0.6856
Car -1 -1 -0.4387 939.0427 126.3107 959.9992 160.6764 1.5663 0.9438 0.5339 15.8082 -0.5763 33.6903 0.0000 0.9999
Car -1 -1 -0.3765 889.2987 123.6665 904.6291 157.4642 0.9392 0.4842 0.2430 8.1086 -0.4423 20.5107 0.0000 0.9991
Car -1 -1 0.2622 405.8011 190.6265 423.7843 218.4332 1.5255 0.4396 0.8804 10.7576 -0.9924 -40.0874 0.0000 0.9996
Car -1 -1 0.3128 368.2534 200.5143 381.4443 219.0879 0.8387 0.1152 0.5623 10.6123 -1.2596 -32.8123 0.0000 0.9923
Car -1 -1 1.4919 0.0000 351.6898 0.0000 374.0000 0.3755 2.0809 0.1141 21.6197 -0.6806 -1.7096 0.0000 0.4841
Car -1 -1 -1.5026 1241.0000 0.0000 1241.0000 132.3046 1.2112 1.3067 1.0742 16.4359 -0.0996 1.1220 0.0000 0.3569
Car -1 -1 -1.4613 1241.0000 0.0000 1241.0000 99.4820 1.0353 1.1121 0.2899 21.7698 -0.2999 2.3940 0.0000 0.9909
Car -1 -1 0.1707 475.1246 204.8613 491.9236 222.6410 0.6519 0.3854 0.5693 4.7141 -1.2211 -27.3459 0.0000 0.8358
Car -1 -1 -1.0439 1241.0000 90.1048 1241.0000 160.2230 1.0508 2.3120 0.6718 21.2851 -0.2367 12.3827 0.0000 0.8652
Car -1 -1 -0.2578 794.5432 126.0969 808.8891 171.6640 1.4838 0.9146 0.2331 6.3209 -0.0399 23.9736 0.0000 0.9998
Car -1 -1 0.8346 0.0000 124.9486 0.0000 190.8544 0.9254 0.2551 0.5330 -11.3171 0.2531 10.2559 0.0000 0.9982
Car -1 -1 -0.2616 795.6991 184.9900 807.3770 217.9428 1.4960 0.5525 0.3909 -8.9008 -0.5633 -33.2393 0.0000 0.9999
Car -1 -1 -1.1568 1241.0000 61.0522 1241.0000 158.2017 1.1287 1.8136 0.3874 21.7596 -0.2123 9.5604 0.0000 0.9354
Car -1 -1 -0.3928 870.8355 111.3520 958.1673 191.5775 1.2896 1.4494 0.8789 5.1043 0.3013 12.3201 0.0000 0.9980
Car -1 -1 0.2775 399.9882 156.0574 410.5846 173.7168 0.8063 0.4772 0.3522 -9.4519 0.0398 33.1782 0.0000 0.9999
Car -1 -1 0.2941 376.7771 181.2535 400.9000 207.9038 0.7784 0.3141 0.6170 6.4625 -0.2498 -21.3330 0.0000 0.8607
Car -1 -1 0.3398 312.0548 188.0061 387.6157 257.3689 1.5781 2.0523 1.1348 6.3263 -0.3969 -17.8934 0.0000 0.9355
Car -1 -1 1.5227 0.0000 374.0000 0.0000 374.0000 0.6778 0.3145 0.2426 11.2262 -0.2378 -0.5399 0.0000 0.9987
Car -1 -1 -1.1623 1241.0000 58.5808 1241.0000 180.8358 0.9841 1.0970 0.5388 14.6776 0.0646 6.3539 0.0000 0.9892
Car -1 -1 1.0802 0.0000 203.2184 0.0000 241.8173 0.4542 0.3000 0.1430 16.6209 -0.3795 -8.8791 0.0000 0.9993
Car -1 -1 -0.2224 761.0941 155.0339 787.9442 181.9258 0.9746 0.8666 0.7911 6.0095 0.3291 26.5800 0.0000 0.9846
Car -1 -1 0.7398 0.0000 187.6780 0.0000 207.6725 0.4562 0.7398 0.5060 15.8686 -0.3644 -17.3850 0.0000 0.7283
Car -1 -1 -0.0638 649.0855 160.9149 664.8360 182.4594 1.0101 0.4098 0.7160 2.1738 0.4507 34.0320 0.0000 0.9978
Car -1 -1 0.3865 295.9294 177.4930 328.3450 201.2985 0.3963 0.2111 0.4592 4.9496 -0.0785 -12.1614 0.0000 0.9788
Car -1 -1 -1.0575 1241.0000 87.3086 1241.0000 199.4382 0.6996 0.3403 0.3151 8.2837 0.1662 4.6691 0.0000 0.9996
Car -1 -1 0.4087 243.7107 192.9553 337.1889 264.2090 1.2643 2.2637 0.8869 6.3122 -0.4372 -14.5763 0.0000 0.7049
Car -1 -1 0.2434 418.0317 172.4103 438.3927 190.6796 0.5331 0.3123 0.5200 5.2686 0.0133 -21.2123 0.0000 0.9970
Car -1 -1 0.4611 235.6972 173.1504 271.6113 213.1791 0.8754 0.3975 0.5994 -7.9377 0.8824 15.9783 0.0000 0.9999
Car -1 -1 -0.9223 1241.0000 119.2255 1241.0000 274.6425 1.8958 0.1659 0.5347 -11.7278 0.6545 -8.8873 0.0000 0.9998
Car -1 -1 1.0754 0.0000 148.1446 0.0000 214.3842 0.6956 0.5255 0.3674 14.5127 0.2598 -7.8425 0.0000 0.9895
Car -1 -1 -0.3822 890.4084 158.6429 905.2541 181.7162 0.7029 0.8457 0.1231 -9.0065 0.4333 -22.4069 0.0000 0.9920
Car -1 -1 0.0466 569.3097 163.0536 579.9091 180.1668 0.8034 0.5891 0.4734 1.5931 0.4605 -34.1715 0.0000 0.9977
Car -1 -1 -0.2260 759.3132 148.2316 788.3385 178.5417 0.9737 0.6457 0.7985 -5.4041 0.7914 -23.5058 0.0000 0.9910
Car -1 -1 0.0931 531.6862 157.5273 549.9232 179.6093 0.9752 0.2841 0.7820 2.9884 0.6773 -32.0113 0.0000 0.9974
Car -1 -1 0.4918 160.0316 186.8582 263.9716 190.8598 0.0150 0.7991 0.4090 3.1597 -0.1218 -5.8982 0.0000 0.5121
Car -1 -1 1.4784 0.0000 69.7356 0.0000 361.0414 0.2267 1.0751 0.4754 11.8955 0.0806 -1.1019 0.0000 0.7049
Car -1 -1 0.5730 121.8132 194.7587 160.9046 257.0609 1.4911 0.1290 0.8578 11.2152 -0.5292 -17.3812 0.0000 0.9996
Car -1 -1 -0.3505 803.7735 111.7133 952.4674 166.8305 0.8367 2.7768 1.5724 -4.6234 0.9542 -12.6480 0.0000 0.6468
Car -1 -1 -0.3464 866.4510 184.2148 881.7949 222.4041 0.5530 0.3259 0.1082 3.8650 0.7246 10.7060 0.0000 0.9994
Car -1 -1 -0.3062 833.3119 195.0506 852.9834 244.6255 0.5326 0.2823 0.1272 2.5343 0.7840 8.0162 0.0000 0.9997
Car -1 -1 -0.6144 958.9267 50.5223 1241.0000 165.6970 0.8678 2.6580 1.6653 -4.8918 0.9501 -6.9334 0.0000 0.5223
Car -1 -1 -0.3602 870.8288 198.3282 905.7830 262.1226 0.5468 0.4064 0.1603 2.4656 0.7856 6.5471 0.0000 0.9988
Car -1 -1 -0.4607 949.4330 209.2374 1005.3218 294.6979 0.5398 0.4379 0.1612 2.4614 0.8014 4.9598 0.0000 0.9987
