Car -1 -1 0.2436 401.3778 196.2512 451.0736 233.0276 1.2338 1.1309 1.4450 6.2193 -0.3917 -25.0246 0.0000 0.6136
Car -1 -1 -0.2826 791.9473 124.3914 844.6992 163.2853 1.2507 1.1807 1.4417 7.0764 -0.7604 24.3679 0.0000 0.6671
Car -1 -1 -0.1758 723.2732 137.7756 749.6342 156.8997 0.7664 0.9830 0.9510 5.4611 -1.2296 30.7501 0.0000 0.3571
Car -1 -1 0.8588 0.0000 99.1957 0.0000 170.6181 1.4706 1.3335 1.0437 -18.2354 -0.3321 15.7370 0.0000 0.9955
Car -1 -1 0.1198 497.0376 178.6674 540.2610 228.9154 2.0955 1.6860 1.6455 3.7110 0.2742 -30.8248 0.0000 0.9830
Car -1 -1 -0.1485 701.5982 139.4565 730.9013 166.2780 1.1695 0.7094 1.2050 4.8179 -0.8565 32.1963 0.0000 0.7201
Car -1 -1 0.1006 525.0890 191.7446 541.2965 214.1812 0.9760 0.7312 0.6428 3.2145 -0.2915 -31.8526 0.0000 0.9625
Car -1 -1 -1.0734 1240.0000 195.6175 1240.0000 283.5559 1.2991 0.9752 1.1101 -20.6799 -0.1683 -11.2265 0.0000 0.8965
Car -1 -1 -0.6139 1097.5988 180.8841 1127.1589 212.8756 1.1116 0.6775 0.5649 -17.8449 0.1516 -25.3209 0.0000 0.9985
Car -1 -1 0.0901 526.1670 153.9431 560.5114 180.9617 1.2891 0.6035 1.6040 -3.1346 -0.2060 34.6912 0.0000 0.4144
Car -1 -1 -0.1751 724.2686 155.9222 747.5501 174.2872 0.7428 0.8030 0.8264 5.2973 -0.4604 29.9517 0.0000 0.6902
Car -1 -1 -0.7248 1191.2092 169.3656 1240.0000 229.8424 1.0554 1.3491 0.7247 -11.7105 0.2777 -13.2237 0.0000 0.9791
Car -1 -1 0.0837 538.7674 180.0523 552.0739 197.8675 0.7632 0.7272 0.5143 2.6144 0.2223 -31.1647 0.0000 0.9874
Car -1 -1 -0.6671 1142.1021 195.5117 1201.0884 240.8401 1.0371 0.8031 0.7670 -13.4157 -0.2486 -17.0355 0.0000 0.7907
Car -1 -1 -0.6968 1182.2409 156.8214 1230.9543 179.7676 0.4658 0.6560 0.4747 -12.6209 0.5837 -15.0812 0.0000 0.5864
Car -1 -1 0.1355 500.5120 170.4056 514.8426 183.9903 0.5560 0.5933 0.5113 4.0583 0.6083 -29.7732 0.0000 0.3858
Car -1 -1 0.4052 273.1248 176.0606 327.8650 206.1279 0.6099 1.4361 0.5524 -6.5606 0.4254 15.2970 0.0000 0.4336
Car -1 -1 -0.7621 1216.4019 148.2873 1240.0000 183.7388 0.5075 1.7494 0.8081 -10.7291 0.5335 -11.2417 0.0000 0.5686
Car -1 -1 0.4517 219.5416 178.3350 298.5214 211.2624 0.5633 1.8272 0.5665 -6.4080 0.4467 13.2067 0.0000 0.4900
Car -1 -1 0.2298 420.5959 157.2843 452.8099 188.6429 1.0294 1.5650 0.7214 5.7049 0.9181 -24.3846 0.0000 0.7277
Car -1 -1 -0.2362 767.6263 187.6975 796.8352 201.9981 0.4689 0.9703 0.7481 5.8291 0.5554 24.2220 0.0000 0.5013
Car -1 -1 0.6943 0.0000 75.8071 23.1035 133.9751 0.5207 0.2142 0.2218 5.6070 1.0093 -6.7347 0.0000 0.9998
Car -1 -1 -0.4981 932.9334 62.6864 1060.9158 155.3645 0.5339 1.1099 0.2980 -2.7504 0.7679 -5.0574 0.0000 0.9357
Car -1 -1 -0.3600 835.0583 86.0299 920.6900 103.1798 0.1297 2.0315 1.1614 -6.0888 2.0923 -16.1754 0.0000 0.5593
Car -1 -1 0.3957 262.4221 250.1346 353.2303 280.4753 0.1172 1.6632 0.2127 -2.9921 0.8407 7.1632 0.0000 0.6459
Car -1 -1 -0.3776 848.0022 74.0424 935.7129 93.0214 0.1500 1.6140 1.1092 -5.6849 2.0923 -14.3325 0.0000 0.6031
Car -1 -1 -0.4324 900.6420 48.8462 974.1932 67.9998 0.0705 1.3268 0.5599 -5.2762 2.0434 -11.4328 0.0000 0.6355
Car -1 -1 -0.9029 1240.0000 0.0000 1240.0000 0.0000 0.0983 0.3919 0.1854 -3.7825 2.0327 -2.9838 0.0000 0.7329
Car -1 -1 -0.4015 874.6901 184.1814 950.9163 243.4876 1.8196 2.7499 1.3155 -9.9484 0.0329 -23.4349 0.0000 0.9743
Car -1 -1 0.6958 0.0000 126.2990 31.6601 161.6948 1.0909 0.8027 0.8238 -19.2796 -0.7675 23.0862 0.0000 0.8670
