Car -1 -1 -0.7878 1241.0000 185.9764 1241.0000 256.0495 1.5181 0.8107 0.5761 -16.2713 -0.3014 -16.1921 0.0000 0.9998
Car -1 -1 1.5059 0.0000 374.0000 0.0000 374.0000 0.6842 0.3516 0.4035 10.2855 -0.4044 -0.6683 0.0000 0.9977
Car -1 -1 -0.7396 1194.1988 87.2846 1241.0000 150.2438 0.8744 1.7510 1.0489 10.5130 -0.3883 11.5231 0.0000 0.5733
Car -1 -1 -0.4774 969.1077 116.7292 1001.7374 157.5446 1.0004 0.7024 0.4617 9.4653 -0.3954 18.2977 0.0000 0.9993
Car -1 -1 -0.3050 821.4487 95.9135 859.8757 172.1367 1.2385 0.5133 0.4739 3.7720 -0.0118 11.9823 0.0000 0.9999
Car -1 -1 0.5956 101.2033 200.3987 135.4826 249.5908 1.4254 0.5226 0.6639 14.5450 -0.8289 -21.4646 0.0000 0.9995
Car -1 -1 1.3448 0.0000 317.9722 0.0000 374.0000 0.5108 0.6895 0.5754 26.1275 -1.2764 -6.0063 0.0000 0.5379
Car -1 -1 -0.2541 777.1102 132.2657 820.3027 160.4596 1.2408 1.3949 1.6137 8.5873 -0.5796 33.0630 0.0000 0.8989
Car -1 -1 0.5011 207.3085 136.0223 224.3563 162.1055 0.9930 0.6307 0.3184 -15.3590 -0.4221 28.0412 0.0000 0.9993
Car -1 -1 1.4504 0.0000 0.0000 0.0000 269.2232 2.3629 0.6710 0.7993 -24.4822 0.3514 2.9611 0.0000 0.9998
Car -1 -1 0.5170 185.1242 210.6166 209.6917 231.3276 0.6785 0.4634 0.5768 14.0528 -1.3052 -24.7161 0.0000 0.9417
Car -1 -1 -1.3173 1241.0000 0.0000 1241.0000 100.1488 0.8572 0.6885 0.7248 11.4881 -0.3345 2.9761 0.0000 0.9381
Car -1 -1 -1.3843 1241.0000 204.5037 1241.0000 374.0000 1.1493 0.4683 0.3457 -27.0413 -0.2336 -5.1026 0.0000 0.9993
Car -1 -1 0.7117 0.0000 190.1412 26.2272 243.9288 0.9457 0.9554 0.8100 11.6222 -0.3338 -13.4739 0.0000 0.9765
Car -1 -1 0.7456 0.0000 199.5410 0.0000 244.9499 1.0153 0.8670 0.7980 15.7716 -0.6473 -17.0789 0.0000 0.9534
Car -1 -1 -0.2238 767.3899 154.8302 782.8868 167.6069 0.5940 0.4786 0.6199 7.7350 -0.2485 33.9756 0.0000 0.5482
Car -1 -1 0.3497 317.0848 178.8381 369.9923 222.9309 1.2901 1.5150 1.0601 8.0509 -0.1890 -22.0772 0.0000 0.5805
Car -1 -1 0.3454 338.5023 207.1534 357.9659 226.1264 0.6753 0.4297 0.5639 9.5970 -1.2777 -26.6741 0.0000 0.7894
Car -1 -1 -0.1155 682.0018 146.7286 708.9235 178.8473 0.9659 0.6936 0.7400 2.5584 0.1806 22.0431 0.0000 0.9993
Car -1 -1 -0.0817 660.2422 142.6820 680.9240 177.3849 1.1277 0.5962 0.6302 1.9441 0.1476 23.7416 0.0000 0.9980
Car -1 -1 0.3819 264.7488 177.6363 364.4181 227.8724 1.2585 2.2804 1.7521 7.8058 -0.1360 -19.4355 0.0000 0.3784
Car -1 -1 0.2514 413.1633 156.2977 438.6850 193.3237 1.1780 0.7266 0.6399 -5.9884 0.6516 23.3167 0.0000 0.9972
Car -1 -1 0.6392 4.9015 170.4281 128.5160 226.2414 0.8130 0.8691 1.2213 8.1376 0.0357 -10.9480 0.0000 0.5906
Car -1 -1 0.5622 140.1823 165.6140 172.9630 202.7011 1.2975 0.5098 0.8383 -16.0620 1.0446 25.4954 0.0000 0.9998
Car -1 -1 0.3091 364.8366 170.2998 390.0516 189.1411 0.7088 0.5604 0.7780 8.7568 0.0964 -27.4249 0.0000 0.6845
Car -1 -1 1.4504 0.0000 374.0000 0.0000 374.0000 0.3066 0.9199 0.2638 -24.3410 1.8465 2.9442 0.0000 0.7539
Car -1 -1 1.1997 0.0000 318.9327 0.0000 360.1379 0.1652 1.5616 0.5632 -23.6613 2.1882 9.2069 0.0000 0.7208
Car -1 -1 -0.8090 1241.0000 88.4146 1241.0000 146.5260 1.0223 2.7498 1.3000 -16.0582 1.6316 -15.3168 0.0000 0.6777
Car -1 -1 0.6608 8.0875 217.4577 94.7985 272.3908 0.5352 0.9845 0.2386 -6.4675 1.0805 8.3193 0.0000 0.9065
Car -1 -1 1.2728 0.0000 342.4717 0.0000 374.0000 0.2671 1.8716 0.7514 -23.6749 2.1976 7.2722 0.0000 0.5868
Car -1 -1 -1.0995 1241.0000 20.1818 1241.0000 64.7057 0.2942 2.3796 1.5073 -23.0398 2.2323 -11.7409 0.0000 0.5854
Car -1 -1 -0.9154 1241.0000 74.4092 1241.0000 86.2334 0.1721 0.9047 0.4456 -22.8708 2.3371 -17.5819 0.0000 0.5294
Car -1 -1 0.8313 0.0000 228.1084 0.0000 325.3168 0.5710 1.4719 0.2808 -6.3667 1.0727 5.8080 0.0000 0.7374
Car -1 -1 -0.6318 1081.7497 66.4840 1194.2416 128.3831 0.5661 1.6032 0.1592 -6.2608 1.1430 -8.5549 0.0000 0.6571
Car -1 -1 1.0553 0.0000 256.0744 0.0000 374.0000 0.5833 1.3070 0.1751 -6.3436 1.0739 3.5944 0.0000 0.7593
Car -1 -1 -0.8111 1241.0000 15.4840 1241.0000 105.1078 0.5069 1.4766 0.1629 -6.2515 1.1339 -5.9384 0.0000 0.4778
Car -1 -1 -1.4526 1241.0000 0.0000 1241.0000 0.0000 0.0102 1.3261 0.0330 -15.4197 2.0718 -1.8310 0.0000 0.6220
Car -1 -1 1.4968 0.0000 374.0000 0.0000 374.0000 0.6783 0.3488 0.6060 21.7001 -0.9295 -1.6089 0.0000 0.9548
