Car -1 -1 0.2266 421.3965 188.5661 459.8715 247.4285 1.5216 0.5330 0.8916 4.3955 -0.4205 -19.0634 0.0000 0.9997
Car -1 -1 0.3890 295.8400 212.7166 326.3454 229.9498 0.3836 0.7998 0.4433 7.5059 -1.0333 -18.3133 0.0000 0.4710
Car -1 -1 0.4649 213.7381 179.6259 267.6805 305.1803 1.2023 0.4328 0.3132 3.5866 -0.0688 -7.1518 0.0000 0.9998
Car -1 -1 0.8529 0.0000 153.4023 0.0000 374.0000 1.1237 0.7893 0.7929 3.3547 0.0686 -2.9297 0.0000 0.9970
Car -1 -1 -0.7727 1241.0000 89.8125 1241.0000 146.2772 0.7624 1.3039 0.7199 10.7295 -0.4291 11.0048 0.0000 0.5073
Car -1 -1 -0.5501 884.7078 0.0000 1241.0000 198.7755 1.3117 2.3811 1.7667 3.3811 0.1558 5.5136 0.0000 0.6908
Car -1 -1 -0.3434 811.1305 72.5273 941.1177 183.9800 1.4678 1.3678 1.3298 3.6419 0.1469 10.1839 0.0000 0.9997
Car -1 -1 -0.2701 784.6356 100.8017 841.1440 176.8993 1.6807 1.1233 0.9755 4.5673 0.0897 16.4952 0.0000 0.9997
Car -1 -1 0.3642 299.4967 190.0957 361.9125 250.5769 1.5436 2.0238 0.9482 7.6272 -0.5018 -20.0062 0.0000 0.8608
Car -1 -1 -0.2814 804.5453 115.5802 835.5994 171.6031 1.9071 0.7474 0.8559 7.2121 -0.0436 24.9497 0.0000 0.9991
Car -1 -1 -0.1404 699.7064 191.1506 720.4917 232.4982 1.4439 1.1642 0.5952 -3.7153 -0.6812 -26.2971 0.0000 0.9997
Car -1 -1 0.4393 265.9602 103.6024 282.7156 173.0309 1.0846 0.1966 0.1727 -5.3413 0.0031 11.3675 0.0000 0.9999
Car -1 -1 0.3224 345.9225 187.2647 386.6227 230.2472 1.3943 1.1238 0.9943 8.1326 -0.4971 -24.3470 0.0000 0.8636
Car -1 -1 0.2945 373.6426 185.4171 404.0581 217.6992 1.2312 1.2788 0.8168 8.6922 -0.5097 -28.6588 0.0000 0.8280
Car -1 -1 -1.2468 1241.0000 0.0000 1241.0000 185.9234 1.4856 0.1780 0.4294 9.5871 0.0571 3.2201 0.0000 0.9998
Car -1 -1 0.2048 450.4597 185.3476 465.5521 215.8102 1.1215 0.3650 0.4859 5.5875 -0.4685 -26.8987 0.0000 0.9996
Car -1 -1 0.2707 399.1636 187.0307 416.7501 205.5025 0.8374 0.4772 0.6787 9.2460 -0.6589 -33.3188 0.0000 0.9891
Car -1 -1 -0.3974 893.6377 127.0276 937.9123 187.4028 1.4437 1.7161 0.3831 7.6003 0.3483 18.1090 0.0000 0.9922
Car -1 -1 0.0985 531.8433 159.9007 547.9890 181.8137 0.7568 0.6012 0.5063 -2.4909 0.3098 25.2185 0.0000 0.9948
Car -1 -1 0.4859 31.3170 121.2969 375.0409 215.3202 0.7507 2.5951 1.9007 -3.7260 0.3394 7.0554 0.0000 0.5449
Car -1 -1 -0.5468 999.6301 150.6662 1110.6583 181.0301 0.5116 1.4657 1.0785 7.8445 0.1381 12.8882 0.0000 0.5147
Car -1 -1 -0.6796 917.7965 115.3764 1241.0000 312.1227 0.6740 2.9092 1.6331 -3.1751 0.1973 -3.9292 0.0000 0.6867
Car -1 -1 0.1974 439.6983 267.1018 494.2921 284.2272 0.0827 1.5543 0.6624 -2.5621 1.8582 12.8105 0.0000 0.7044
Car -1 -1 -1.1959 1241.0000 203.0254 1241.0000 321.6373 0.9916 0.5724 1.1701 -16.4341 -0.2819 -6.4664 0.0000 0.7853
Car -1 -1 0.2591 356.9123 282.2497 475.0255 319.1853 0.1141 2.2835 1.0463 -2.6854 1.8241 10.1314 0.0000 0.7577
