Car -1 -1 0.3086 371.2253 120.2073 392.6550 167.5378 1.0659 0.6492 0.2896 -5.3066 -0.1247 16.6445 0.0000 0.9997
Car -1 -1 -1.2942 1241.0000 0.0000 1241.0000 57.6960 0.1508 2.4207 0.7085 11.0632 -0.6945 3.1409 0.0000 0.5916
Car -1 -1 -1.0700 1241.0000 0.0000 1241.0000 115.9628 0.4047 2.9717 1.6248 8.5967 -0.4880 4.7053 0.0000 0.6193
Car -1 -1 -0.2620 792.2830 110.2321 818.8783 172.5255 1.6519 1.0622 0.4365 5.2742 -0.0088 19.6675 0.0000 0.9997
Car -1 -1 -0.2251 762.0599 118.5934 792.6431 167.1178 1.4477 2.1305 0.4729 5.2300 -0.1897 22.8418 0.0000 0.9897
Car -1 -1 0.3283 331.3186 116.8857 399.2506 166.8033 0.9759 1.2919 0.9662 -5.0766 -0.1301 14.9056 0.0000 0.9336
Car -1 -1 0.2392 419.5817 199.4428 444.0749 221.7560 0.7824 0.4959 0.7651 6.3744 -0.9720 -26.1411 0.0000 0.9593
Car -1 -1 0.2894 378.0866 175.6236 406.0886 235.3040 1.6667 1.6905 0.3083 6.2754 -0.0838 -21.0767 0.0000 0.9992
Car -1 -1 -0.1973 751.3278 129.2684 759.9196 161.2811 1.0681 0.7551 0.1416 4.9430 -0.4023 24.7216 0.0000 0.9998
Car -1 -1 -0.1810 733.4333 143.5442 753.0043 166.6783 0.9158 0.7815 0.6462 5.3369 -0.2526 29.1595 0.0000 0.9957
Car -1 -1 -0.0841 659.2013 161.1183 678.9679 227.1556 2.6860 0.8808 0.7434 -2.5113 0.4777 -29.7908 0.0000 0.9999
Car -1 -1 0.3168 358.2218 165.7379 382.1926 240.0908 1.8076 1.0423 0.2543 5.9234 0.1734 -18.0655 0.0000 0.9998
Car -1 -1 -0.1244 682.9847 153.3112 714.3440 229.6277 2.3737 2.0287 0.7689 -2.9345 0.6082 -23.4593 0.0000 0.9997
Car -1 -1 0.2288 428.0699 178.2116 451.4870 223.6669 1.7633 1.2177 0.6463 6.6933 -0.2176 -28.7444 0.0000 0.9986
Car -1 -1 -0.1037 671.9634 157.4912 694.4592 223.3240 2.2764 1.2480 0.6699 -2.6606 0.5316 -25.5766 0.0000 0.9999
Car -1 -1 -0.2435 787.5848 156.0402 793.9241 184.7454 0.8638 0.5541 0.0541 5.4609 0.3582 21.9863 0.0000 0.9996
Car -1 -1 -0.1771 693.7542 155.2040 799.0061 194.2352 0.6886 2.4438 1.5716 2.4964 0.3775 13.9478 0.0000 0.5333
Car -1 -1 0.1194 518.5038 172.2062 529.9726 190.0552 0.8317 0.5349 0.4754 -4.0650 0.8019 33.8856 0.0000 0.9965
Car -1 -1 0.2453 416.5616 170.6610 437.5233 198.3019 0.9788 0.8341 0.5434 6.5028 0.0780 -25.9706 0.0000 0.9965
Car -1 -1 0.2057 455.8727 165.4960 465.7588 193.1463 0.8742 0.7562 0.1618 -4.8378 0.6419 23.1870 0.0000 0.9987
Car -1 -1 1.2918 0.0000 27.7236 0.0000 325.7664 0.7231 2.3733 1.2667 10.2629 0.3525 -2.9399 0.0000 0.4090
Car -1 -1 0.1854 466.9670 181.6945 484.7265 204.9025 0.7709 0.7677 0.4643 -4.6218 1.0779 24.6400 0.0000 0.9989
Car -1 -1 -1.4140 1241.0000 281.3818 1241.0000 374.0000 0.3959 1.5031 0.2295 -10.6440 -0.3654 -1.6831 0.0000 0.4946
Car -1 -1 -1.0302 1241.0000 193.8446 1241.0000 292.2613 1.0809 1.6408 0.4416 -15.1565 -0.2881 -9.0975 0.0000 0.9533
