Car -1 -1 0.6375 22.4572 83.5604 129.4948 193.2835 1.9643 1.2366 1.0935 -10.0236 0.3661 13.5328 0.0000 0.9884
Car -1 -1 0.2819 385.3003 173.5318 410.1371 268.3968 2.1063 0.4107 0.4380 4.7013 -0.0151 -16.2314 0.0000 1.0000
Car -1 -1 0.7068 0.0000 142.9262 42.0458 373.0687 1.7099 0.4489 0.5254 4.7724 0.2227 -5.5880 0.0000 0.9998
Car -1 -1 -0.7610 1193.0804 0.0000 1241.0000 218.2505 1.6219 0.8516 0.8550 4.7329 0.2864 4.9692 0.0000 0.9991
Car -1 -1 -0.4353 935.0842 86.2216 961.7915 181.1941 1.7464 0.4485 0.2888 6.2729 0.1537 13.4897 0.0000 0.9999
Car -1 -1 -0.2886 816.0347 96.1004 837.4459 180.2972 1.7470 0.4322 0.3206 4.5082 0.1548 15.1843 0.0000 0.9999
Car -1 -1 0.1973 448.9159 180.4522 478.4589 247.0673 2.7111 0.7180 1.0752 5.9586 -0.3173 -29.8085 0.0000 0.9994
Car -1 -1 0.5838 119.2427 184.8652 142.1148 263.7471 2.3309 0.5483 0.3233 14.3240 -0.3651 -21.6817 0.0000 0.9998
Car -1 -1 0.6743 0.0000 188.4412 79.1986 268.2281 2.7413 2.9495 1.4067 21.4569 -0.6113 -26.8440 0.0000 0.9889
Car -1 -1 0.7511 0.0000 121.1318 0.0000 164.7023 1.1678 0.9650 1.2172 -18.6746 -0.2311 19.9996 0.0000 0.7467
Car -1 -1 0.8776 0.0000 228.5586 0.0000 243.3430 0.4629 0.7485 0.7040 31.0456 -2.0193 -25.7885 0.0000 0.6091
Car -1 -1 -0.9442 1241.0000 201.7189 1241.0000 256.6307 0.8885 0.6287 0.6811 -17.0235 -0.5051 -12.3229 0.0000 0.7198
Car -1 -1 -0.5168 1000.1365 180.4222 1036.9849 241.6102 2.6140 0.9309 1.0762 -17.8502 -0.3339 -31.4085 0.0000 0.9999
Car -1 -1 -0.3808 886.1125 175.8326 907.8326 246.4599 2.6933 0.3788 0.6836 -11.0990 -0.1149 -27.7232 0.0000 0.9999
Car -1 -1 0.1896 462.6931 179.3918 476.0652 249.6091 2.5019 0.1937 0.4410 4.9564 -0.2345 -25.8269 0.0000 0.9999
Car -1 -1 -0.1497 714.0505 120.2278 725.6764 174.0652 2.1632 0.3625 0.4146 4.3985 0.0490 29.1701 0.0000 0.9999
Car -1 -1 0.8064 0.0000 79.7508 0.0000 191.7052 2.2029 2.3662 2.1523 -16.0387 0.3713 15.3776 0.0000 0.9794
Car -1 -1 -1.1086 1241.0000 190.1963 1241.0000 302.8204 1.2473 0.7286 0.5522 -17.0015 -0.2119 -8.4700 0.0000 0.9994
Car -1 -1 -0.7679 1241.0000 191.5979 1241.0000 228.8059 1.0688 0.9826 1.1209 -20.9664 -0.5764 -21.7149 0.0000 0.9579
Car -1 -1 -1.4585 1241.0000 0.0000 1241.0000 32.3568 1.0677 1.1360 0.5798 34.0440 -0.8583 3.8392 0.0000 0.9977
Car -1 -1 -0.1729 730.4605 123.4087 744.2800 177.1801 1.8246 0.5130 0.3830 4.3201 0.1472 24.7372 0.0000 0.9999
Car -1 -1 -0.8579 1241.0000 125.5124 1241.0000 167.0549 1.4322 1.0454 0.4198 29.5421 -0.2091 25.5414 0.0000 0.9998
Car -1 -1 -0.8285 1241.0000 122.8155 1241.0000 167.7481 1.2287 0.3286 1.0669 21.7275 -0.1419 19.9295 0.0000 0.9777
Car -1 -1 -1.4190 1241.0000 0.0000 1241.0000 148.8914 1.4800 1.7493 0.5914 34.1385 -0.2022 5.2217 0.0000 0.9363
Car -1 -1 -1.3110 1241.0000 34.6948 1241.0000 161.0047 1.4999 0.9110 0.8830 34.2628 -0.1567 9.1065 0.0000 0.9996
Car -1 -1 -1.2846 1241.0000 47.5562 1241.0000 160.8766 1.3796 0.6673 0.4016 31.2123 -0.1577 9.1854 0.0000 0.9993
Car -1 -1 0.5153 180.1389 150.7060 224.1382 186.7753 1.3251 1.0695 1.0451 -15.3127 0.5118 27.0387 0.0000 0.9639
Car -1 -1 0.7338 0.0000 149.9629 0.0000 199.5661 1.4200 1.3452 1.0381 -19.2296 0.7650 21.3253 0.0000 0.9706
Car -1 -1 -1.1788 1241.0000 108.3803 1241.0000 167.6199 0.9325 1.2249 0.3437 29.2121 -0.0917 12.0756 0.0000 0.9943
Car -1 -1 0.5566 138.6098 158.9754 185.4710 197.3570 1.2726 0.8673 1.0440 -15.1532 0.8128 24.3550 0.0000 0.8535
Car -1 -1 0.0297 564.8476 162.3708 614.4656 193.6773 1.0160 0.6341 1.6103 -0.7058 0.6761 23.7304 0.0000 0.4873
Car -1 -1 -0.8303 1241.0000 157.2855 1241.0000 176.9763 0.5430 0.7260 0.7202 -22.1670 0.4297 -20.2622 0.0000 0.6171
Car -1 -1 -0.6185 1090.2365 146.8571 1153.3119 182.8918 1.1729 0.7883 1.5280 -16.9949 0.8466 -23.8828 0.0000 0.9660
Car -1 -1 -0.5514 1039.9462 152.4858 1064.0810 177.4547 0.9845 0.5824 0.6042 -17.6792 0.8035 -28.7436 0.0000 0.9998
Car -1 -1 -0.8602 1241.0000 119.5185 1241.0000 136.1602 0.3343 1.0983 0.8122 -20.2947 1.2507 -17.4663 0.0000 0.7052
Car -1 -1 1.3544 0.0000 0.0000 0.0000 268.2993 2.1245 1.2333 2.2281 -16.6277 0.4027 3.6552 0.0000 0.9960
Car -1 -1 -0.7025 1193.1939 157.6984 1241.0000 290.1008 2.1550 0.5425 0.3507 -10.1735 0.2470 -12.0181 0.0000 0.9999
Car -1 -1 0.2287 430.1356 177.0184 448.8543 257.2205 2.3821 0.4509 0.4562 5.0471 -0.1261 -21.6824 0.0000 0.9999
