Car -1 -1 1.1683 0.0000 0.0000 0.0000 222.2973 1.6950 0.2315 0.4461 -11.2036 0.3195 4.7702 0.0000 0.9999
Car -1 -1 1.2650 0.0000 0.0000 0.0000 220.1364 1.8356 0.5476 0.6634 -15.3972 0.3011 4.8601 0.0000 0.9999
Car -1 -1 0.3604 302.5987 188.1446 365.7381 259.2908 1.4443 0.5598 1.1031 5.6711 -0.3245 -15.0502 0.0000 0.9887
Car -1 -1 0.4102 282.2043 195.3433 304.3822 248.1538 1.3111 0.3945 0.3889 7.9492 -0.5755 -18.2816 0.0000 0.9997
Car -1 -1 0.4938 178.2585 184.4108 256.0214 267.0800 1.8628 1.2448 1.1611 9.1824 -0.2828 -17.0580 0.0000 0.8838
Car -1 -1 1.4546 0.0000 374.0000 0.0000 374.0000 0.2461 0.7234 0.3463 21.2519 -1.1402 -2.4806 0.0000 0.5788
Car -1 -1 -1.1400 1241.0000 35.2305 1241.0000 138.7081 1.8058 1.0954 1.0648 29.3726 -0.6645 13.4984 0.0000 0.9990
Car -1 -1 -0.6146 1078.8216 77.3944 1167.8333 177.4767 1.7788 0.7874 1.0699 9.3278 0.0825 13.2154 0.0000 0.9996
Car -1 -1 -1.2805 1241.0000 193.6387 1241.0000 366.7474 1.2786 0.3237 0.4719 -18.5219 -0.1636 -5.5326 0.0000 0.9998
Car -1 -1 -0.8877 1241.0000 180.3689 1241.0000 264.7644 1.9365 0.5835 0.4193 -20.7677 -0.1787 -16.9021 0.0000 0.9998
Car -1 -1 -0.3719 877.3200 118.5623 908.3775 166.4719 1.6357 0.5887 0.8453 9.7522 -0.2234 25.0047 0.0000 1.0000
Car -1 -1 -0.1972 744.2629 128.0444 766.4346 164.6023 1.4390 0.5922 0.7663 5.7609 -0.3327 28.8278 0.0000 0.9999
Car -1 -1 -0.0399 629.8312 128.8618 649.7189 169.2896 1.8173 0.7668 0.8743 1.3120 -0.1640 32.8831 0.0000 0.9996
Car -1 -1 0.0813 545.2488 143.9101 558.6273 157.7667 0.7001 0.3570 0.6580 -3.0149 -0.7776 37.0218 0.0000 0.9922
Car -1 -1 1.1310 0.0000 80.3015 0.0000 153.2997 0.9240 0.3346 0.4049 -19.9528 -0.2587 9.3875 0.0000 0.9999
Car -1 -1 0.5367 160.9459 172.7768 192.7357 283.6925 2.1066 0.4398 0.3497 8.2857 0.0018 -13.9266 0.0000 0.9997
Car -1 -1 1.4603 0.0000 207.9176 0.0000 374.0000 2.1656 2.3568 2.6913 25.6541 -0.1951 -2.8474 0.0000 0.4544
Car -1 -1 1.5083 0.0000 250.6233 0.0000 374.0000 2.0785 0.2772 0.4234 20.2323 -0.1508 -1.2670 0.0000 0.9997
Car -1 -1 -1.1980 1241.0000 0.0000 1241.0000 161.1160 2.0551 1.2681 1.2234 20.7777 -0.1422 8.1249 0.0000 0.9965
Car -1 -1 -0.8529 1241.0000 126.0233 1241.0000 156.3530 0.6109 1.9731 1.4011 18.9946 -0.4017 16.5899 0.0000 0.5171
Car -1 -1 -0.0155 614.2025 150.7025 629.7525 165.2222 0.7061 0.4800 0.7585 0.5499 -0.3785 35.5778 0.0000 0.9683
Car -1 -1 -1.4632 1241.0000 374.0000 1241.0000 374.0000 0.1553 0.7867 0.6877 -12.7329 -0.5226 -1.3752 0.0000 0.5000
Car -1 -1 1.3349 0.0000 185.8579 0.0000 372.1638 1.6802 1.1991 0.9443 29.9220 -0.1400 -7.1934 0.0000 0.9924
Car -1 -1 1.4407 0.0000 53.4913 0.0000 353.3938 0.5944 1.5398 1.0470 -16.7965 0.3582 2.1973 0.0000 0.5300
Car -1 -1 -0.9085 1241.0000 140.3200 1241.0000 169.2960 0.6711 0.2920 0.3218 21.6571 -0.0837 16.8893 0.0000 0.9999
Car -1 -1 1.1049 0.0000 153.0663 0.0000 244.1615 0.9496 2.3251 1.6720 -17.2645 0.7437 8.6810 0.0000 0.5034
Car -1 -1 -0.9512 1241.0000 147.7126 1241.0000 187.8676 0.9137 1.6548 1.5903 24.1727 0.3420 17.2432 0.0000 0.4147
Car -1 -1 -0.6805 1159.1937 141.1964 1236.9886 193.7069 0.9897 1.0623 0.6570 11.4370 0.3934 14.1274 0.0000 0.9447
Car -1 -1 -1.2225 1241.0000 71.8960 1241.0000 219.2123 1.0585 1.5546 1.5928 -16.4249 0.7258 -5.9645 0.0000 0.6008
Car -1 -1 -1.0956 1241.0000 127.4242 1241.0000 188.2976 1.0114 1.8718 0.8306 -25.1231 0.7552 -12.9274 0.0000 0.7358
Car -1 -1 -1.0342 1241.0000 134.7169 1241.0000 186.7423 1.0406 1.1114 0.6864 -25.1999 0.7632 -14.9904 0.0000 0.9891
Car -1 -1 0.6586 28.5476 162.8921 69.2410 202.2507 1.2239 0.8008 0.6657 17.6748 0.3101 -22.8406 0.0000 0.9994
Car -1 -1 1.0369 0.0000 199.9168 0.0000 229.6097 0.4503 0.8947 0.7813 -20.6435 0.9253 12.2032 0.0000 0.5293
Car -1 -1 1.3104 0.0000 154.3694 0.0000 350.4833 0.8539 0.8427 0.6858 -13.3602 0.7738 3.5602 0.0000 0.9909
Car -1 -1 -1.0244 1241.0000 188.0507 1241.0000 207.8125 0.3448 0.9060 0.6309 22.5865 0.6441 13.7365 0.0000 0.4941
Car -1 -1 -0.0080 575.7553 128.3203 645.7957 222.2676 1.1633 0.8427 0.8673 -0.0749 0.5518 -9.3584 0.0000 0.8551
Car -1 -1 -0.9646 1241.0000 95.6119 1241.0000 163.7835 0.7336 2.0847 1.3989 -13.1080 0.8613 -9.0872 0.0000 0.4300
Car -1 -1 0.8724 0.0000 203.0353 0.0000 259.6357 0.5127 2.0240 2.2924 -10.2725 0.9163 8.6247 0.0000 0.4987
Car -1 -1 1.2286 0.0000 249.0821 0.0000 293.2820 0.2607 1.2687 0.6612 -19.8643 1.0759 7.0754 0.0000 0.5664
Car -1 -1 -0.3910 880.3474 181.6621 928.3656 257.6707 1.3675 0.6042 0.6418 -5.5058 -0.1663 -13.3567 0.0000 0.9994
Car -1 -1 1.0949 0.0000 123.1037 0.0000 145.8036 0.2858 1.0105 0.6004 20.9468 0.7097 -10.7961 0.0000 0.6191
Car -1 -1 -0.9074 1241.0000 109.0493 1241.0000 131.7712 0.3442 0.6933 0.3385 -16.0356 1.0777 -12.5329 0.0000 0.3530
Car -1 -1 -0.2656 785.3281 161.5350 819.5083 283.3148 1.8595 0.4819 0.4045 -3.0634 0.1732 -11.2612 0.0000 0.9999
