Car -1 -1 0.3155 356.5517 174.2812 385.3293 269.8507 1.9993 0.5122 0.4431 5.0142 -0.0305 -15.3612 0.0000 0.9999
Car -1 -1 0.8942 0.0000 135.3319 0.0000 374.0000 1.4479 0.3491 0.2968 4.3813 0.1741 -3.5181 0.0000 0.9999
Car -1 -1 -0.6184 1094.0007 115.8117 1159.1143 152.4556 0.9876 2.4050 0.2610 15.6401 -0.6552 21.9843 0.0000 0.8941
Car -1 -1 -0.3751 884.3268 94.6780 910.3803 171.8557 1.2732 0.4082 0.2746 4.7679 -0.0167 12.1103 0.0000 0.9999
Car -1 -1 0.1107 520.0800 141.3743 541.0520 159.2863 0.8137 0.6130 0.9080 -3.7283 -0.6363 33.5463 0.0000 0.7021
Car -1 -1 1.4923 0.0000 0.0000 0.0000 71.2558 0.9082 1.0970 0.8577 -21.6458 -0.3171 1.7034 0.0000 0.8683
Car -1 -1 -0.2150 756.6575 187.7842 774.4874 238.8501 1.6470 1.3176 0.3160 -5.3093 -0.5164 -24.3181 0.0000 0.9999
Car -1 -1 0.9688 0.0000 112.4293 0.0000 153.1503 0.7641 0.2454 0.8621 -20.0555 -0.3793 13.7782 0.0000 0.8496
Car -1 -1 -0.1934 743.4219 193.5073 755.2844 230.1502 1.2987 0.9839 0.2470 -5.2131 -0.7757 -26.6220 0.0000 0.9999
Car -1 -1 0.3940 297.7549 196.6319 317.4066 239.9397 1.3791 0.6083 0.3886 9.8191 -0.7879 -23.6172 0.0000 0.9985
Car -1 -1 1.0873 0.0000 103.3434 0.0000 134.7587 0.2527 2.4534 0.4384 -19.0501 -0.5927 10.0026 0.0000 0.6494
Car -1 -1 -0.3601 875.4546 121.7276 891.3530 160.7870 1.1247 1.0560 0.0758 8.1441 -0.3702 21.6286 0.0000 0.9993
Car -1 -1 1.4890 0.0000 282.8926 0.0000 374.0000 0.6246 1.4090 1.2458 -18.5931 0.9651 1.5233 0.0000 0.4303
Car -1 -1 -0.2121 755.8510 142.8989 770.8420 184.6485 1.3605 1.2509 0.2349 -5.1983 0.9765 -24.1416 0.0000 0.9998
Car -1 -1 1.4516 0.0000 0.0000 0.0000 81.8597 0.8238 1.7951 0.7592 -34.3079 -0.6313 4.1086 0.0000 0.5669
Car -1 -1 1.5269 0.0000 374.0000 0.0000 374.0000 0.0223 0.8680 0.1799 -15.7825 1.1723 0.6936 0.0000 0.6050
Car -1 -1 -0.7174 1127.1998 100.3284 1241.0000 301.5917 0.7678 0.7779 0.5316 2.7389 0.4915 3.1390 0.0000 0.9991
Car -1 -1 -0.6043 1037.5377 61.4908 1181.1216 101.5966 0.3259 1.5662 0.7916 -6.5131 1.3348 -9.4320 0.0000 0.6917
Car -1 -1 1.2268 0.0000 304.8735 0.0000 374.0000 0.5876 0.5949 0.7428 -6.6313 1.0776 2.3757 0.0000 0.6911
Car -1 -1 -0.9276 1241.0000 0.0000 1241.0000 90.3883 0.5836 0.6631 0.6760 -6.2784 1.1594 -4.7060 0.0000 0.8436
Car -1 -1 -1.4788 1241.0000 355.0164 1241.0000 374.0000 0.1555 1.8820 0.8640 -12.1471 -0.5195 -1.1208 0.0000 0.5569
Car -1 -1 -0.7567 1241.0000 118.7883 1241.0000 363.4808 2.0046 0.1683 0.1765 -5.6626 0.4433 -5.9979 0.0000 0.9998
