Car -1 -1 0.6251 77.7670 120.2364 103.8541 170.5255 1.4314 0.5088 0.3867 -15.0204 -0.0676 20.8126 0.0000 0.9999
Car -1 -1 -0.8231 1241.0000 65.9103 1241.0000 177.9439 2.4251 0.5387 0.4164 17.1311 0.1105 15.8851 0.0000 0.9999
Car -1 -1 -0.1976 744.9622 190.2450 760.6382 213.1789 1.0578 0.4007 0.6545 -6.7649 -0.8188 -33.7885 0.0000 0.9955
Car -1 -1 -1.3109 1241.0000 153.0359 1241.0000 277.4592 0.9989 0.6124 0.3148 -22.9442 0.1595 -6.1015 0.0000 0.9989
Car -1 -1 -0.7351 1241.0000 176.0092 1241.0000 193.0081 0.5995 0.6730 0.6156 -23.4274 -0.1144 -25.9117 0.0000 0.9228
Car -1 -1 -1.3381 1241.0000 124.0247 1241.0000 187.3033 0.4919 1.0529 0.6082 -25.8988 0.3799 -6.1378 0.0000 0.4275
Car -1 -1 -0.7019 1181.4963 159.1315 1241.0000 189.6176 1.0729 2.3563 0.8236 -22.4678 0.4833 -26.5742 0.0000 0.8024
Car -1 -1 1.5035 0.0000 251.8034 0.0000 374.0000 0.3740 2.0215 0.5879 -19.4794 0.6288 1.3120 0.0000 0.5159
Car -1 -1 -0.5323 1017.1846 206.4567 1058.3049 224.8244 0.3474 0.5928 0.5047 8.8501 1.0615 15.0257 0.0000 0.5068
Car -1 -1 -0.4989 971.9304 215.9724 1041.9171 233.1512 0.2608 0.7857 0.8590 7.2551 1.0804 13.3144 0.0000 0.5343
Car -1 -1 -0.2807 798.4428 112.9857 829.8612 172.2890 0.8304 0.8384 0.2208 -3.0367 0.8394 -10.5335 0.0000 0.9994
Car -1 -1 -1.0725 1241.0000 233.7330 1241.0000 338.6547 0.5723 1.2722 1.2118 9.7537 1.0743 5.3071 0.0000 0.6835
Car -1 -1 0.5341 112.6804 6.5656 226.2230 90.4297 0.4538 0.8893 0.2795 3.0911 1.1017 -5.2260 0.0000 0.8465
Car -1 -1 0.7668 0.0000 122.8482 0.0000 166.2765 1.3733 0.9796 1.1908 -22.5942 -0.2179 23.4528 0.0000 0.9614
Car -1 -1 -0.5473 1036.6906 177.0892 1058.5988 248.8030 2.4116 0.6005 0.3823 -14.9909 -0.1458 -24.6021 0.0000 0.9999
