Car -1 -1 -1.4301 1241.0000 90.2244 1241.0000 374.0000 2.7971 1.1659 1.0361 -28.5734 0.3966 -4.0462 0.0000 0.9996
Car -1 -1 1.4728 0.0000 299.4248 0.0000 374.0000 0.9130 1.5880 0.7475 10.6216 -0.3217 -1.0446 0.0000 0.6519
Car -1 -1 -1.0432 1241.0000 374.0000 1241.0000 374.0000 0.6193 0.3692 0.1731 7.8895 1.9678 4.5974 0.0000 0.9997
Car -1 -1 1.0293 0.0000 0.0000 0.0000 0.0000 0.1631 0.7907 0.5126 18.6220 4.1924 -11.1993 0.0000 0.5849
Car -1 -1 -0.9345 1241.0000 374.0000 1241.0000 374.0000 0.5830 1.8597 1.0358 11.4827 3.2246 8.4842 0.0000 0.5518
Car -1 -1 -0.8229 1241.0000 374.0000 1241.0000 374.0000 0.0470 1.0443 0.9597 12.3483 3.5202 11.4549 0.0000 0.5935
Car -1 -1 -1.1115 1241.0000 374.0000 1241.0000 374.0000 0.5896 0.9476 1.4579 11.5532 3.1755 5.7144 0.0000 0.4246
Car -1 -1 1.5423 0.0000 374.0000 0.0000 374.0000 0.9560 0.5704 0.8667 11.8087 -0.3465 -0.3368 0.0000 0.9922
Car -1 -1 1.0256 0.0000 0.0000 0.0000 0.0000 0.2050 1.4690 0.8407 16.3608 4.3667 -9.9234 0.0000 0.5240
Car -1 -1 -0.3820 863.6706 109.0866 943.7783 165.7241 1.3551 1.8270 1.2988 7.3938 -0.1906 18.4043 0.0000 0.9698
Car -1 -1 -0.1690 726.1283 123.3218 742.7819 168.2852 1.5611 0.3153 0.5280 4.3075 -0.1605 25.2386 0.0000 0.9999
Car -1 -1 1.4226 0.0000 0.0000 0.0000 75.8403 0.6047 0.7580 0.7103 -31.6125 -0.6857 4.7209 0.0000 0.4200
Car -1 -1 -1.2648 1241.0000 219.0616 1241.0000 300.3628 1.0249 0.8130 0.7676 -31.5510 -0.6638 -9.9675 0.0000 0.8804
Car -1 -1 0.1049 522.5661 182.8803 541.0488 244.1203 2.1938 0.5835 0.6091 2.7634 -0.3682 -26.2372 0.0000 0.9996
Car -1 -1 -0.1913 739.7272 128.5134 762.1228 164.7585 1.4329 0.6566 0.7715 5.6167 -0.3287 28.9966 0.0000 0.9991
Car -1 -1 0.9781 0.0000 105.5238 0.0000 168.6011 1.6828 0.4859 0.4265 -28.9901 -0.1162 19.5229 0.0000 0.9998
Car -1 -1 1.1214 0.0000 86.8871 0.0000 160.9455 1.3778 1.2236 0.8219 -29.5004 -0.2446 14.2291 0.0000 0.9955
Car -1 -1 -1.0719 1241.0000 171.2921 1241.0000 292.9652 2.5532 0.8128 0.7787 -28.5371 0.0331 -15.5501 0.0000 0.9998
Car -1 -1 1.4002 0.0000 250.3122 0.0000 374.0000 1.3909 1.4560 1.0940 17.6143 -0.4032 -3.0341 0.0000 0.9509
Car -1 -1 0.7351 0.0000 218.1708 0.0000 263.1499 0.6103 0.5391 0.6402 9.5888 -0.6825 -10.6059 0.0000 0.4101
Car -1 -1 -0.6091 1097.8253 130.8788 1131.7672 153.4000 0.7327 0.6405 0.6969 16.9811 -0.6647 24.3445 0.0000 0.5777
Car -1 -1 -0.2074 758.6510 119.5053 768.0973 168.9033 1.4890 0.3100 0.2210 4.6138 -0.1206 21.9260 0.0000 0.9998
Car -1 -1 -1.5331 1241.0000 333.7342 1241.0000 374.0000 0.7297 0.4026 0.2598 -29.7094 -0.2938 -1.1208 0.0000 0.9995
Car -1 -1 -1.2456 1241.0000 201.9764 1241.0000 260.1820 0.7393 0.4762 0.4240 -28.6044 -0.3984 -9.6440 0.0000 0.9989
Car -1 -1 -0.9451 1241.0000 187.7390 1241.0000 209.4332 0.6043 0.7530 0.5573 -29.0538 -0.4405 -20.9940 0.0000 0.9631
Car -1 -1 -0.2339 764.5546 139.6431 802.2503 168.3729 1.1047 1.3019 1.1803 6.8131 -0.1813 28.5942 0.0000 0.4338
Car -1 -1 -1.3382 1241.0000 128.3898 1241.0000 294.3267 1.5125 1.1982 1.0937 -30.3032 0.4056 -7.1786 0.0000 0.9992
Car -1 -1 -1.4523 1241.0000 0.0000 1241.0000 69.0870 0.6488 0.5585 0.5828 11.9732 -0.2452 1.4253 0.0000 0.7924
Car -1 -1 1.3677 0.0000 77.4551 0.0000 217.7096 1.1503 0.8956 0.6157 -30.8929 0.3682 6.3627 0.0000 0.9187
Car -1 -1 -0.2731 799.8834 161.7480 826.9388 175.2914 0.5194 0.9260 0.7933 7.8799 0.0938 28.1310 0.0000 0.4315
Car -1 -1 -1.1945 1241.0000 148.2727 1241.0000 222.2324 1.1181 1.3313 0.8718 -29.2934 0.3720 -11.5760 0.0000 0.8602
Car -1 -1 -0.9712 1241.0000 167.9650 1241.0000 200.0947 0.8476 1.3170 0.6209 -28.8139 0.1293 -19.6967 0.0000 0.7094
Car -1 -1 0.2003 449.6714 166.9001 473.3300 189.6145 0.9723 0.8044 0.8608 6.3538 0.2552 -31.2909 0.0000 0.9562
Car -1 -1 0.9863 0.0000 194.6004 0.0000 232.3339 0.7064 1.5894 0.3799 -22.9987 1.1894 15.2155 0.0000 0.8368
Car -1 -1 1.2462 0.0000 197.7016 0.0000 271.1606 0.9242 1.3247 0.9924 -30.2745 1.2983 10.1858 0.0000 0.6164
Car -1 -1 -1.5273 1241.0000 0.0000 1241.0000 0.0000 0.3964 0.8360 0.5238 -30.9920 1.0389 -1.3485 0.0000 0.7409
Car -1 -1 0.8665 0.0000 197.1318 0.0000 219.5185 0.5760 0.7446 0.6246 -23.2330 1.2532 19.7410 0.0000 0.9609
Car -1 -1 -1.1549 1241.0000 88.8189 1241.0000 149.9146 0.9765 1.7471 1.5163 -29.5826 1.4199 -13.0651 0.0000 0.5446
Car -1 -1 -1.1136 1241.0000 109.0035 1241.0000 161.9147 1.0201 0.9312 0.6627 -29.6197 1.2485 -14.5723 0.0000 0.9988
Car -1 -1 1.1461 0.0000 224.5105 0.0000 268.6735 0.4847 1.4695 0.4315 -22.9310 1.2803 10.3704 0.0000 0.6098
Car -1 -1 1.2242 0.0000 227.4839 0.0000 304.2505 0.5750 2.4258 0.7367 -23.0897 1.2989 8.3407 0.0000 0.6200
Car -1 -1 -0.9667 1241.0000 118.0099 1241.0000 143.4640 0.6479 0.9335 0.8549 -28.8558 1.4784 -19.9143 0.0000 0.6267
Car -1 -1 -0.9290 1241.0000 121.2623 1241.0000 145.0671 0.6555 1.0451 0.6302 -28.9195 1.5083 -21.6145 0.0000 0.5811
Car -1 -1 -0.8706 1241.0000 123.3974 1241.0000 153.7208 0.6944 2.0224 0.7809 -22.3272 1.2204 -18.8134 0.0000 0.7724
Car -1 -1 -0.6186 1105.2272 186.3580 1144.6338 218.9421 1.2578 0.8595 0.9502 20.3845 1.8022 28.6365 0.0000 0.9997
Car -1 -1 -0.8260 1241.0000 124.7308 1241.0000 144.1936 0.5146 0.5725 0.3107 -21.9241 1.3290 -20.2105 0.0000 0.9895
Car -1 -1 -0.2744 808.5585 204.6026 819.9006 223.1677 0.7164 0.1891 0.3906 7.9562 1.9645 28.2595 0.0000 0.9999
Car -1 -1 -0.7473 1221.4618 216.1584 1241.0000 260.0543 0.9919 1.8647 1.5285 17.6726 2.1931 19.0733 0.0000 0.4535
Car -1 -1 -0.4467 946.2851 216.8361 969.3754 262.2637 1.0179 0.3349 0.3714 7.9783 2.0439 16.6560 0.0000 0.9998
Car -1 -1 1.1638 0.0000 19.6576 0.0000 105.6533 0.9162 0.9046 1.0992 20.5294 1.7825 -8.8489 0.0000 0.3586
Car -1 -1 1.3396 0.0000 0.0000 0.0000 69.6326 1.0411 0.7365 0.6422 20.4774 1.7835 -4.8213 0.0000 0.9910
Car -1 -1 1.4935 0.0000 0.0000 0.0000 0.0000 0.7620 0.7903 0.7031 20.3306 2.9789 -1.5742 0.0000 0.7687
Car -1 -1 0.9079 0.0000 0.0000 0.0000 26.7185 0.6816 1.3209 0.5932 19.6291 3.9189 -15.3244 0.0000 0.7571
Car -1 -1 1.2326 0.0000 0.0000 0.0000 0.0000 0.7011 1.0510 0.9578 17.8953 3.1148 -6.2933 0.0000 0.4297
