Car -1 -1 0.9088 0.0000 125.5260 0.0000 143.8189 0.2579 1.7764 1.0991 -17.8097 -0.5940 13.8787 0.0000 0.5549
Car -1 -1 -0.6376 1105.7996 167.0826 1179.8850 265.2087 2.6674 0.9201 1.3811 -14.8725 0.1572 -20.0764 0.0000 0.9998
Car -1 -1 0.2124 440.7258 183.9175 463.3761 247.1842 2.1862 0.7864 0.6277 5.4926 -0.3961 -25.4665 0.0000 0.9999
Car -1 -1 0.3301 320.7507 179.1688 395.4363 268.4512 1.8434 1.1654 1.2047 5.3337 -0.1409 -15.5650 0.0000 0.9997
Car -1 -1 0.8354 0.0000 161.0494 0.0000 374.0000 1.3737 0.8751 0.8002 5.0175 0.0674 -4.5393 0.0000 0.9958
Car -1 -1 1.3876 0.0000 343.3224 0.0000 374.0000 0.3207 1.7867 0.5776 26.4153 -1.3663 -4.8939 0.0000 0.5659
Car -1 -1 1.4457 0.0000 374.0000 0.0000 374.0000 0.3462 1.2419 0.0942 29.6841 -1.4804 -3.7329 0.0000 0.6025
Car -1 -1 0.9600 0.0000 44.0836 0.0000 206.0220 1.9951 0.3010 0.5421 -12.9087 0.4090 9.0372 0.0000 0.9999
Car -1 -1 -0.7604 1241.0000 89.9332 1241.0000 158.0165 1.3099 0.3324 0.4090 13.4300 -0.2934 14.1184 0.0000 0.9996
Car -1 -1 -0.7075 1186.3109 13.6668 1241.0000 188.0240 1.2556 0.3383 0.4436 4.5858 0.1096 5.3625 0.0000 0.9999
Car -1 -1 -0.3520 835.4596 96.7745 923.3810 172.3418 1.4213 1.2195 1.2729 5.2099 -0.0101 14.1866 0.0000 0.9863
Car -1 -1 0.7275 0.0000 119.6823 0.0000 167.4438 1.2788 0.6259 0.4268 -17.5424 -0.1497 19.7004 0.0000 0.9999
Car -1 -1 -1.0413 1241.0000 212.4744 1241.0000 243.2079 0.6093 1.3374 0.7025 -28.5342 -0.9533 -16.7009 0.0000 0.4926
Car -1 -1 -0.9499 1241.0000 166.2931 1241.0000 280.3358 1.7727 0.6898 0.3853 -16.1660 0.1023 -11.5636 0.0000 0.9998
Car -1 -1 -0.4308 920.5505 196.1835 959.5611 225.8585 1.1150 1.1084 1.0351 -13.1155 -0.9402 -28.5385 0.0000 0.9818
Car -1 -1 1.0305 0.0000 45.8162 0.0000 199.7978 2.1038 1.1112 0.7742 -17.3570 0.3685 10.4109 0.0000 0.9999
Car -1 -1 0.9179 0.0000 223.9808 0.0000 258.2970 0.8692 1.6179 0.5083 28.1070 -1.5801 -21.4978 0.0000 0.8791
Car -1 -1 1.0600 0.0000 236.0210 0.0000 287.3867 0.6854 2.3180 1.0740 24.3386 -1.2950 -13.6407 0.0000 0.4593
Car -1 -1 -1.2810 1241.0000 23.2065 1241.0000 66.6848 0.3676 0.9615 0.9180 29.9362 -1.3843 8.9270 0.0000 0.5013
Car -1 -1 -0.7755 1241.0000 111.4797 1241.0000 148.8026 1.2872 0.5445 1.0794 25.0041 -0.8590 25.5050 0.0000 0.9987
Car -1 -1 0.3775 310.0166 138.7612 339.1820 163.1523 1.1349 0.7340 1.0939 -13.5720 -0.4649 34.2297 0.0000 0.8758
Car -1 -1 0.9123 0.0000 117.5898 0.0000 178.5971 1.1713 1.3260 1.3482 -18.7571 0.1106 14.5132 0.0000 0.6270
Car -1 -1 -0.2261 762.2569 189.1234 786.6161 230.1721 1.9350 0.5762 1.0340 -7.9451 -0.7847 -34.5316 0.0000 0.9997
Car -1 -1 -0.1965 744.6534 201.7910 759.6518 215.7764 0.7520 0.3018 0.7630 -7.8790 -1.5928 -39.5764 0.0000 0.9434
Car -1 -1 1.2256 0.0000 209.8641 0.0000 370.9428 1.2158 1.7301 0.6673 18.6657 -0.3881 -6.7113 0.0000 0.9753
Car -1 -1 1.0673 0.0000 91.6911 0.0000 174.4176 1.2173 0.6000 0.7759 -19.8149 0.0234 10.9146 0.0000 0.9998
Car -1 -1 1.4094 0.0000 0.0000 0.0000 178.6687 1.3410 0.2002 0.3760 -16.8324 0.0217 2.7409 0.0000 0.9995
Car -1 -1 -0.1926 740.9433 184.3717 757.5975 206.1054 1.1811 0.4169 0.8342 -7.7330 -0.6357 -39.6432 0.0000 0.9927
Car -1 -1 0.8227 0.0000 196.7083 0.0000 229.7371 1.0887 1.2177 0.4557 27.2344 -0.8553 -25.2749 0.0000 0.9949
Car -1 -1 0.4697 226.3388 159.1088 262.5340 179.1217 0.8085 1.2441 0.8639 -15.1096 0.2536 29.7686 0.0000 0.7086
Car -1 -1 0.4924 210.9628 154.9898 236.8549 174.3234 0.7461 0.5851 0.6970 -15.0944 0.0571 28.1363 0.0000 0.6881
Car -1 -1 -0.9656 1241.0000 132.7808 1241.0000 245.9206 2.0305 1.5696 1.8714 -19.8589 0.7196 -13.7371 0.0000 0.9953
Car -1 -1 0.8388 0.0000 126.3291 0.0000 192.4076 1.4284 0.4316 0.5815 -17.5955 0.4230 15.8102 0.0000 0.9989
Car -1 -1 0.9021 0.0000 143.5036 0.0000 187.3305 0.9422 1.1740 0.9770 -20.3730 0.3116 16.0962 0.0000 0.4347
Car -1 -1 -1.4206 1241.0000 117.8128 1241.0000 374.0000 1.8655 1.4294 1.4150 -19.1997 0.1673 -2.9061 0.0000 0.9765
Car -1 -1 -1.0259 1241.0000 145.1249 1241.0000 214.8498 1.3530 0.7643 1.3499 -23.7358 0.5384 -14.3865 0.0000 0.8806
Car -1 -1 -1.0016 1241.0000 139.4448 1241.0000 223.4933 1.5860 0.6269 1.1527 -21.7724 0.6308 -13.9315 0.0000 0.9971
Car -1 -1 -0.2123 759.6268 148.9849 774.3318 176.2432 0.8888 0.4551 0.3848 5.1204 0.1109 23.7515 0.0000 0.9996
Car -1 -1 -0.3286 840.6068 156.8658 867.5412 193.6574 1.2812 0.5830 0.7512 -8.6678 0.5571 -25.4199 0.0000 0.9981
Car -1 -1 0.9948 0.0000 175.0300 0.0000 183.3323 0.1397 2.7091 0.7261 21.8704 -0.0466 -14.2051 0.0000 0.5930
Car -1 -1 0.4285 270.3957 177.7152 292.3215 198.2427 0.7931 0.7847 0.5078 -12.9978 0.9879 28.4540 0.0000 0.9250
Car -1 -1 0.4481 253.9304 178.0374 274.4203 198.5299 0.7593 0.8678 0.3623 -13.1630 0.9595 27.3838 0.0000 0.9972
Car -1 -1 0.9959 0.0000 160.5375 0.0000 229.9923 1.0595 1.2591 0.6409 -17.9558 0.8720 11.6334 0.0000 0.8082
Car -1 -1 -0.4399 937.1605 153.1766 958.6188 191.6666 1.5895 0.5684 0.6281 -14.1608 0.8130 -30.0840 0.0000 0.9999
Car -1 -1 -0.9397 1241.0000 141.9939 1241.0000 171.3860 0.6850 0.0736 0.6987 -23.0715 0.7197 -16.8592 0.0000 0.8714
Car -1 -1 -1.3137 1241.0000 199.6020 1241.0000 374.0000 1.1124 0.6598 0.4515 -16.2978 -0.1706 -4.2848 0.0000 0.9985
Car -1 -1 -0.2192 763.9365 160.4298 774.1703 177.8179 0.8301 0.2505 0.4350 -7.7007 0.5935 -34.5735 0.0000 0.9997
Car -1 -1 -1.4036 1241.0000 0.0000 1241.0000 114.1020 0.5287 0.8389 0.2707 -21.0784 0.8526 -3.5573 0.0000 0.6392
Car -1 -1 -1.5093 1241.0000 0.0000 1241.0000 145.1365 0.9392 0.4475 0.7838 -19.2681 0.9936 -1.1862 0.0000 0.9529
Car -1 -1 -1.0200 1241.0000 107.8253 1241.0000 168.0390 1.1537 0.3260 1.1158 -22.8178 1.2486 -14.0161 0.0000 0.9913
Car -1 -1 -1.0522 1241.0000 241.1594 1241.0000 258.0474 0.1360 1.1638 0.5554 19.4471 1.2424 11.0987 0.0000 0.6327
Car -1 -1 1.4343 0.0000 0.0000 0.0000 0.0000 0.1135 1.8051 0.2339 19.7937 1.2627 -2.7189 0.0000 0.6264
