Car -1 -1 0.5234 173.2908 123.0719 215.4260 171.0600 1.5706 1.3536 0.6426 -14.0480 -0.0618 24.3402 0.0000 0.9931
Car -1 -1 0.8800 0.0000 193.0578 0.0000 305.3181 1.5905 1.5524 1.7234 13.6457 -0.3372 -11.2813 0.0000 0.5701
Car -1 -1 0.6102 98.8148 98.1708 117.3002 184.6137 1.7383 0.2182 0.2229 -10.2190 0.2368 14.6157 0.0000 0.9999
Car -1 -1 -0.4284 913.5539 199.0234 962.5165 225.8081 0.8567 1.2800 1.1116 -11.4047 -0.9284 -24.9708 0.0000 0.3840
Car -1 -1 0.5705 100.3662 180.4081 184.7560 272.2835 2.4575 1.6979 1.2740 13.0215 -0.2209 -20.2909 0.0000 0.9990
Car -1 -1 -0.7296 1221.3852 112.9991 1241.0000 145.6045 0.8083 1.0806 0.9899 17.2854 -0.7501 19.3288 0.0000 0.5938
Car -1 -1 -0.3456 855.7324 195.0379 880.7126 214.6211 0.8978 0.7195 0.9279 -12.3331 -1.0638 -34.2561 0.0000 0.6616
Car -1 -1 0.5191 148.7072 190.3589 239.0996 254.2083 2.1463 1.8784 2.1386 14.6913 -0.6461 -25.7115 0.0000 0.9243
Car -1 -1 1.1089 0.0000 180.5893 0.0000 374.0000 2.0527 2.6526 1.4309 16.3226 -0.1009 -8.1257 0.0000 0.9944
Car -1 -1 0.4490 244.8544 144.0963 281.1066 164.7611 0.7845 1.4003 0.7664 -13.7997 -0.3287 28.6387 0.0000 0.4160
Car -1 -1 0.5841 109.8373 206.3040 149.8603 233.4333 0.6760 0.7991 0.5429 12.8036 -0.9159 -19.3675 0.0000 0.9412
Car -1 -1 0.4758 224.7445 147.5647 253.4073 168.3653 0.7625 1.1507 0.4926 -14.0519 -0.1729 27.2699 0.0000 0.7967
Car -1 -1 -0.6550 1146.8043 132.4899 1185.2576 155.7138 0.6539 0.6577 0.6189 16.2277 -0.5094 21.1276 0.0000 0.9796
Car -1 -1 0.3717 302.6911 144.4726 356.0129 182.4055 1.3323 1.2007 1.4509 -10.1125 0.3358 25.9400 0.0000 0.7797
Car -1 -1 0.5042 155.9192 141.2235 266.4632 190.1114 1.2710 1.8074 2.0145 -10.8464 0.4490 19.6597 0.0000 0.7549
Car -1 -1 -0.4099 900.4306 173.9059 943.1773 213.0662 1.3140 1.0825 0.9997 -10.7681 -0.0366 -24.7844 0.0000 0.9885
Car -1 -1 -0.3894 888.8005 180.0347 920.0663 213.1338 1.2705 0.9260 0.8504 -11.6397 -0.2865 -28.3625 0.0000 0.9990
Car -1 -1 0.8505 0.0000 202.0077 0.0000 235.6732 0.6904 0.6315 0.7201 17.8488 -0.6452 -15.6631 0.0000 0.5437
Car -1 -1 0.4367 236.4586 155.1424 310.7645 190.1681 1.0653 1.4042 1.6786 -10.5686 0.5270 22.6453 0.0000 0.4226
Car -1 -1 -0.3590 855.9261 162.1396 902.6888 212.6795 1.9391 1.2049 1.3828 -10.6152 0.4114 -28.2890 0.0000 0.9970
Car -1 -1 -0.7350 1235.5118 157.0359 1241.0000 181.5168 0.5591 0.9840 0.5008 15.3408 0.1982 16.9690 0.0000 0.3972
Car -1 -1 -0.7020 1180.2991 146.1242 1241.0000 184.0053 0.9993 1.6035 1.0158 16.7726 0.2945 19.8332 0.0000 0.9247
Car -1 -1 0.3560 329.3193 168.1895 356.7614 192.9922 0.7856 0.3831 0.7350 -8.5692 0.6383 23.0441 0.0000 0.9993
Car -1 -1 -0.4311 920.8755 164.4379 958.9092 184.5599 0.6569 0.6201 0.9740 -10.9772 0.2751 -23.8671 0.0000 0.5019
Car -1 -1 -0.5100 985.4216 156.4579 1037.6930 181.6256 0.6753 0.7511 1.0113 -11.0422 0.4403 -19.7391 0.0000 0.6825
Car -1 -1 -0.3179 836.2046 152.6131 855.4614 166.6299 0.6433 0.6733 0.6804 -11.1080 0.9378 -33.7557 0.0000 0.9410
Car -1 -1 0.8122 0.0000 149.7795 0.0000 197.2023 0.9823 2.2546 1.9112 16.9605 0.4783 -16.0750 0.0000 0.6062
Car -1 -1 -0.8931 1241.0000 93.9820 1241.0000 188.4348 0.9754 1.9655 0.9448 -10.4815 0.8148 -8.4365 0.0000 0.6664
Car -1 -1 -0.4411 934.2366 142.0353 963.2348 166.6312 0.7949 1.0201 0.4886 -11.3729 1.0074 -24.0911 0.0000 0.9405
Car -1 -1 -0.5200 978.5841 135.3791 1066.9565 162.1399 0.7094 2.0301 1.4039 -11.9979 1.0360 -20.9572 0.0000 0.5739
Car -1 -1 0.5314 169.2075 228.5683 204.5043 248.9408 0.5755 1.1786 0.4931 -14.2199 2.4896 24.1924 0.0000 0.5074
Car -1 -1 0.5511 143.8489 234.0233 191.1893 254.4877 0.5578 0.9389 0.9301 -14.1003 2.5430 22.9405 0.0000 0.4841
Car -1 -1 0.5851 110.9943 234.9277 154.9465 261.5093 0.6277 1.4097 0.3501 -13.9319 2.4982 21.0316 0.0000 0.7405
Car -1 -1 0.8325 0.0000 232.5826 0.0000 295.2032 0.4228 0.5041 0.5409 -6.1561 0.9080 5.6020 0.0000 0.7475
Car -1 -1 -0.4158 910.4875 227.8419 963.6828 292.1304 0.4248 0.4355 0.1973 2.3641 0.8500 5.3550 0.0000 0.9670
Car -1 -1 0.5787 38.3063 0.0000 209.9853 6.6755 0.0701 1.6254 0.8449 5.3241 2.1339 -8.1494 0.0000 0.7684
Car -1 -1 0.7331 0.0000 195.4009 50.5529 283.3933 1.5397 2.6526 1.7481 13.1774 -0.4983 -14.6343 0.0000 0.4384
