Car -1 -1 -0.9399 1241.0000 177.9794 1241.0000 282.5463 1.5982 0.3605 0.3517 -15.3706 -0.0807 -11.2286 0.0000 0.9999
Car -1 -1 -0.4907 982.0565 196.7718 1005.2785 226.5356 1.0906 0.5199 0.5959 -14.4909 -0.9071 -27.1189 0.0000 0.9972
Car -1 -1 -0.5122 990.3585 105.8185 1046.5481 164.6245 1.4637 1.3223 0.7151 10.5712 -0.2217 18.8024 0.0000 0.9974
Car -1 -1 -0.3778 870.7484 120.1400 925.9502 164.5291 1.5223 1.4408 1.3922 10.2128 -0.3049 25.7321 0.0000 0.9920
Car -1 -1 0.9545 0.0000 87.8013 0.0000 171.5608 1.2585 0.2200 0.3635 -15.4629 -0.0195 10.9521 0.0000 0.9999
Car -1 -1 0.5438 158.4673 135.8909 190.3747 172.2868 1.4077 1.7179 0.2372 -17.4048 -0.0229 28.7897 0.0000 0.9957
Car -1 -1 0.7000 0.0000 105.6565 11.2421 180.8988 1.8799 0.1965 0.1859 -15.2646 0.2014 18.1230 0.0000 0.9998
Car -1 -1 -0.6863 1184.4782 188.4686 1212.5173 245.1650 1.4174 0.4631 0.3369 -15.0716 -0.4028 -18.3999 0.0000 0.9998
Car -1 -1 0.5138 191.0012 152.7782 216.0470 177.7493 1.0433 1.1609 0.4133 -17.3415 0.2049 30.7251 0.0000 0.9938
Car -1 -1 0.4793 223.5356 194.0747 242.1963 213.6338 0.7502 0.7419 0.3588 14.9968 -0.8590 -28.8522 0.0000 0.9990
Car -1 -1 -0.9130 1241.0000 158.3801 1241.0000 223.9804 1.0796 1.2992 1.1946 -16.2129 0.2385 -12.5263 0.0000 0.6675
Car -1 -1 -0.4401 944.0823 143.5193 958.4048 167.6240 0.7554 0.5047 0.2170 10.8162 -0.1680 22.9696 0.0000 0.9996
Car -1 -1 1.0870 0.0000 124.6475 0.0000 245.4857 1.2519 1.7520 1.5566 -15.8877 0.7529 8.3487 0.0000 0.8248
Car -1 -1 1.4788 0.0000 178.6525 0.0000 297.6938 0.3159 0.4842 0.1710 -23.6090 0.3357 2.1777 0.0000 0.9353
Car -1 -1 1.0190 0.0000 159.5714 0.0000 244.1251 0.9137 2.2268 0.9299 -14.4705 0.7706 8.9081 0.0000 0.6257
Car -1 -1 -1.4409 1241.0000 0.0000 1241.0000 167.7821 0.3697 1.4610 1.1288 -9.7862 0.3841 -1.2782 0.0000 0.5072
Car -1 -1 -0.5142 990.0399 141.5098 1042.1166 173.2461 1.1019 1.2014 1.1746 -14.4912 1.0886 -25.6556 0.0000 0.6151
Car -1 -1 -1.4218 1241.0000 0.0000 1241.0000 60.8843 0.2495 0.4610 0.3758 -14.2270 0.6167 -2.1361 0.0000 0.4684
Car -1 -1 -0.4204 919.4604 145.4351 942.5433 160.2577 0.6711 0.6048 0.8018 -14.9731 1.2614 -33.4891 0.0000 0.5786
Car -1 -1 -0.3999 904.0914 145.8349 922.6535 160.6047 0.6600 0.8672 0.4940 -14.1153 1.2346 -33.3967 0.0000 0.8839
Car -1 -1 -1.0539 1241.0000 96.9716 1241.0000 129.6071 0.3780 0.8939 0.3451 -17.5769 1.0038 -9.9910 0.0000 0.4811
Car -1 -1 -0.9381 1241.0000 174.8411 1241.0000 285.2766 2.0815 2.0513 0.4059 -19.9992 -0.0428 -14.6650 0.0000 0.9958
