Car -1 -1 0.7470 0.0000 92.5911 11.0291 166.5661 0.8997 1.5263 0.4754 -8.9505 -0.0905 9.6653 0.0000 0.9345
Car -1 -1 1.1621 0.0000 218.3270 0.0000 361.2536 1.4029 0.0965 1.7718 16.5429 -0.4540 -7.1641 0.0000 0.8838
Car -1 -1 0.8130 0.0000 88.7874 0.0000 162.8067 0.7884 0.5414 0.6354 -8.4834 -0.1152 8.0268 0.0000 0.9127
Car -1 -1 1.5041 0.0000 374.0000 0.0000 374.0000 0.5987 1.7296 1.0256 24.5475 -1.0996 -1.6400 0.0000 0.5102
Car -1 -1 1.4331 0.0000 0.0000 0.0000 234.3518 2.5635 0.4852 0.4298 -29.9940 0.3343 4.1579 0.0000 0.9997
Car -1 -1 0.8586 0.0000 129.3740 0.0000 144.8493 0.2592 1.1107 0.0815 -16.9659 -0.5898 14.6476 0.0000 0.4833
Car -1 -1 0.5468 145.1923 187.9436 185.8851 280.0606 1.2559 0.3563 0.3489 6.1344 -0.2140 -10.0767 0.0000 0.9998
Car -1 -1 1.1023 0.0000 202.9040 0.0000 352.6482 1.1108 0.9459 0.9890 11.8911 -0.2699 -6.0180 0.0000 0.9893
Car -1 -1 0.8655 0.0000 86.7494 0.0000 194.1536 1.3048 0.3105 0.9134 -10.4753 0.2591 8.9183 0.0000 0.9951
Car -1 -1 -0.2593 794.4928 123.3424 811.8659 161.6804 1.0945 1.1967 0.1977 5.7149 -0.3426 21.5442 0.0000 0.9976
Car -1 -1 -0.1811 732.2024 134.3330 753.9131 161.0246 1.1855 0.6225 0.8667 5.9733 -0.5398 32.6306 0.0000 0.9991
Car -1 -1 1.2545 0.0000 67.1748 0.0000 165.4785 1.2137 0.3517 1.3605 -27.8334 -0.0946 9.1080 0.0000 0.8579
Car -1 -1 0.2163 442.6591 199.8741 456.2426 218.7919 0.7366 0.7192 0.3954 6.4788 -1.1171 -29.4847 0.0000 0.9772
Car -1 -1 -1.4294 1241.0000 0.0000 1241.0000 130.7371 1.1497 0.4827 0.9709 18.6287 -0.1686 2.6509 0.0000 0.9965
Car -1 -1 -0.2334 776.5380 137.9302 789.4542 160.6719 0.7358 0.7704 0.2470 5.7396 -0.4137 24.1388 0.0000 0.9955
Car -1 -1 0.9345 0.0000 23.4033 0.0000 207.0030 1.6315 1.0589 0.9810 -9.3922 0.3038 6.9386 0.0000 0.9973
Car -1 -1 1.2970 0.0000 69.7494 0.0000 173.4001 1.2220 0.7510 1.0844 -31.6164 0.0068 8.8791 0.0000 0.9299
Car -1 -1 1.2817 0.0000 212.2423 0.0000 329.3990 0.8418 0.5690 0.5454 19.0418 -0.3242 -5.6629 0.0000 0.9945
Car -1 -1 1.2248 0.0000 121.6402 0.0000 172.3249 0.6497 0.3461 0.9309 -26.1403 -0.0067 9.4234 0.0000 0.7585
Car -1 -1 0.2227 437.6028 187.4508 451.5494 205.8099 0.7108 0.7603 0.3851 6.5489 -0.5924 -28.9215 0.0000 0.9978
Car -1 -1 1.2327 0.0000 87.1164 0.0000 260.4778 2.1112 1.2021 1.7701 -26.6969 1.0674 9.3852 0.0000 0.9922
Car -1 -1 -0.2486 786.1984 142.5414 803.6147 180.6182 1.1536 1.3103 0.2069 5.7159 0.2356 22.5124 0.0000 0.9962
Car -1 -1 1.2923 0.0000 156.0677 0.0000 294.4975 1.6352 1.2810 0.8348 -32.0327 1.4372 9.1607 0.0000 0.9994
Car -1 -1 0.6578 24.0996 175.8388 71.2777 231.6519 0.8348 0.3545 0.4424 8.4909 -0.0458 -10.9908 0.0000 0.9998
Car -1 -1 1.2535 0.0000 158.8389 0.0000 272.1014 1.5038 0.2526 0.7387 -29.5458 1.3181 9.7034 0.0000 0.9996
Car -1 -1 1.3609 0.0000 183.0507 0.0000 343.6395 1.2011 1.0847 0.8645 -28.1827 1.2940 6.0052 0.0000 0.9929
Car -1 -1 1.4881 0.0000 199.2036 0.0000 374.0000 1.2744 0.9670 0.8262 -31.2134 1.3869 2.5867 0.0000 0.9982
Car -1 -1 -1.5587 1241.0000 0.0000 1241.0000 114.6116 0.6879 0.5114 0.4443 -27.4581 0.7354 -0.3313 0.0000 0.9980
Car -1 -1 1.1081 0.0000 17.1168 0.0000 217.3849 2.5790 0.5078 1.9048 -19.1304 0.5738 9.5430 0.0000 0.9937
Car -1 -1 1.3262 0.0000 224.3040 0.0000 281.7487 0.6902 0.5001 0.4950 -37.5254 1.3763 9.3646 0.0000 0.8339
Car -1 -1 1.4379 0.0000 232.3031 0.0000 374.0000 1.0765 2.0250 0.7778 -27.5951 1.4643 3.6876 0.0000 0.5618
Car -1 -1 1.3101 0.0000 246.9191 0.0000 344.1257 0.8408 0.9203 1.1326 -27.7403 1.6483 7.3997 0.0000 0.9715
Car -1 -1 1.3781 0.0000 288.8667 0.0000 374.0000 0.6937 0.6699 0.5942 -21.3842 1.4194 4.1733 0.0000 0.9954
Car -1 -1 1.1522 0.0000 0.0000 0.0000 285.1322 1.6822 0.2538 0.1839 -6.3017 0.4172 2.8032 0.0000 0.9998
Car -1 -1 1.1267 0.0000 51.0885 0.0000 278.6452 0.6872 1.2961 0.4450 5.9470 0.3681 -2.8298 0.0000 0.5468
Car -1 -1 0.9849 0.0000 88.9750 0.0000 166.8486 0.4096 0.5813 0.1417 6.2285 0.4468 -4.1335 0.0000 0.9818
Car -1 -1 1.2249 0.0000 311.4086 0.0000 374.0000 0.2358 2.5409 0.3302 -14.9364 1.5144 5.3831 0.0000 0.5298
Car -1 -1 -1.3689 1241.0000 160.5478 1241.0000 374.0000 0.5417 0.0973 0.2915 6.1376 0.5214 1.2563 0.0000 0.9996
Car -1 -1 1.3496 0.0000 0.0000 0.0000 161.4565 0.4673 0.3135 0.1700 6.1843 0.4920 -1.3908 0.0000 0.9979
Car -1 -1 1.3429 0.0000 374.0000 0.0000 374.0000 0.2967 0.1253 0.3048 -6.2544 1.0599 1.4506 0.0000 0.9982
Car -1 -1 -0.8095 1241.0000 17.0347 1241.0000 89.5880 0.3476 0.1403 0.1803 -3.8724 0.7815 -3.6903 0.0000 0.9928
Car -1 -1 1.5464 0.0000 374.0000 0.0000 374.0000 0.2401 0.1137 0.3108 -6.2897 1.0429 0.1534 0.0000 0.6816
