Car -1 -1 -0.9329 1241.0000 51.9853 1241.0000 158.9037 1.3508 0.5182 0.4601 12.7331 -0.1872 9.4395 0.0000 0.9999
Car -1 -1 -0.5087 991.9745 80.0725 1041.2572 174.4542 1.3881 0.7516 0.3265 6.1260 0.0239 10.9849 0.0000 0.9998
Car -1 -1 1.5192 0.0000 374.0000 0.0000 374.0000 0.8781 0.5829 0.1810 28.2797 -1.1207 -1.4612 0.0000 0.9988
Car -1 -1 -1.4086 1241.0000 0.0000 1241.0000 0.0000 0.4564 0.8879 0.4833 38.9881 -1.7471 6.3792 0.0000 0.6134
Car -1 -1 -1.3405 1241.0000 0.0000 1241.0000 81.7867 1.3391 1.7899 0.7456 36.3217 -1.1879 8.5170 0.0000 0.7936
Car -1 -1 -0.9872 1241.0000 81.9727 1241.0000 143.2132 1.6283 1.8313 1.6617 31.7759 -0.8994 20.9834 0.0000 0.6726
Car -1 -1 1.3181 0.0000 0.0000 0.0000 222.8562 2.5387 0.6603 0.4208 -25.4342 0.4329 6.5688 0.0000 0.9999
Car -1 -1 -1.3780 1241.0000 247.4065 1241.0000 374.0000 0.7650 0.5146 0.4910 -20.9724 -0.4491 -4.0952 0.0000 0.9916
Car -1 -1 -0.9825 1241.0000 156.1917 1241.0000 309.6514 2.3495 0.7198 0.7292 -17.1025 0.2555 -11.4095 0.0000 0.9996
Car -1 -1 -0.4615 955.4919 177.1658 977.5838 251.2351 2.1134 0.6006 0.3434 -10.4065 -0.1265 -20.9251 0.0000 0.9999
Car -1 -1 0.7608 0.0000 198.2610 0.0000 265.3143 1.8138 0.5347 0.6524 19.0306 -0.7129 -19.9901 0.0000 1.0000
Car -1 -1 0.7940 0.0000 116.8021 0.0000 185.6317 2.3142 0.3912 0.6236 -24.8763 0.4300 24.4523 0.0000 0.9999
Car -1 -1 0.2820 379.3991 180.7156 418.4159 221.6064 1.6526 0.4781 1.4551 8.5436 -0.3236 -29.4938 0.0000 0.9831
Car -1 -1 -0.2759 802.7296 117.4856 829.0858 168.8166 1.5652 0.6788 0.6239 6.3382 -0.1268 22.3911 0.0000 0.9999
Car -1 -1 -0.0966 667.2109 185.4006 689.6455 206.8730 1.0715 0.6086 1.0819 -3.5547 -0.6425 -36.6676 0.0000 0.8614
Car -1 -1 1.1558 0.0000 187.7673 0.0000 277.1096 0.8654 0.5136 0.4161 16.6495 -0.1565 -7.3345 0.0000 0.9996
Car -1 -1 1.2939 0.0000 166.0995 0.0000 215.3743 0.3425 0.5951 0.2884 18.7039 0.0473 -5.3158 0.0000 0.4854
Car -1 -1 -0.4709 936.3018 159.4216 1011.1224 292.6102 1.7485 0.5931 0.7136 -4.9746 0.1767 -9.7714 0.0000 0.9999
Car -1 -1 1.1444 0.0000 199.0635 0.0000 242.8444 0.8612 0.6888 0.4733 -32.9019 1.4171 14.9470 0.0000 0.9995
Car -1 -1 1.2079 0.0000 201.9202 0.0000 253.4324 0.8552 0.6737 0.5949 -33.4275 1.3805 12.6929 0.0000 0.9816
Car -1 -1 1.3766 0.0000 194.6784 0.0000 336.7495 1.0697 0.4919 0.4679 -29.2458 1.2515 5.7513 0.0000 0.9996
Car -1 -1 1.0721 0.0000 200.6132 0.0000 240.3516 0.7616 0.8257 0.3339 -27.2023 1.3479 14.8152 0.0000 0.9907
Car -1 -1 -1.3444 1241.0000 41.0978 1241.0000 92.1617 0.5206 0.7575 0.4895 -38.7943 1.5622 -8.9344 0.0000 0.7136
Car -1 -1 -0.8712 1241.0000 121.0169 1241.0000 148.9731 0.5939 0.2231 0.8945 -18.5746 1.1153 -15.6331 0.0000 0.4494
Car -1 -1 0.5489 150.9526 187.5551 179.9397 264.6435 1.7198 0.3209 0.4580 9.9811 -0.3354 -16.3212 0.0000 0.9998
Car -1 -1 -0.3384 828.5915 151.4941 896.4736 181.1689 0.9426 1.2232 1.7849 -8.2810 0.6788 -23.5335 0.0000 0.4307
Car -1 -1 -1.0502 1241.0000 97.8248 1241.0000 121.1777 0.3562 1.0370 0.3858 -24.1021 1.3833 -13.8204 0.0000 0.4241
Car -1 -1 -0.0103 519.7723 114.8498 705.3766 177.0654 0.6470 2.6952 1.9302 -0.0912 0.6036 -8.8541 0.0000 0.5123
Car -1 -1 0.6960 0.0000 128.8523 129.8369 374.0000 1.3195 0.7535 0.7086 2.6592 0.1713 -3.1827 0.0000 0.9997
Car -1 -1 0.9087 0.0000 177.9485 0.0000 359.7313 1.4089 0.6291 0.8366 7.6040 -0.0437 -5.9270 0.0000 0.9999
Car -1 -1 1.0259 0.0000 204.3006 0.0000 315.4083 1.5654 0.3494 0.4378 17.2298 -0.4622 -10.4421 0.0000 0.9996
Car -1 -1 -1.3869 1241.0000 0.0000 1241.0000 105.9382 1.3417 0.3401 0.4022 15.5222 -0.2834 2.8865 0.0000 0.9999
