Car -1 -1 0.2398 417.3245 129.1987 451.9656 166.5208 1.2265 0.8712 0.9552 -5.9389 -0.2167 24.2918 0.0000 0.9788
Car -1 -1 0.2801 378.7070 125.1953 428.6828 167.7330 1.1955 0.6580 1.2450 -5.9505 -0.1488 20.6834 0.0000 0.9192
Car -1 -1 0.2576 400.7643 92.4415 426.5727 138.7116 0.4835 0.3436 0.1916 2.0996 0.8689 -7.9682 0.0000 0.9998
Car -1 -1 0.5395 142.3828 2.2725 187.4960 100.4539 0.4722 0.1460 0.1383 2.1876 0.8462 -3.6536 0.0000 0.9999
Car -1 -1 1.1915 0.0000 53.2190 0.0000 142.1251 0.7029 0.4587 0.7809 -15.2768 -0.2689 6.0899 0.0000 0.4742
Car -1 -1 1.4100 0.0000 0.0000 0.0000 165.8371 0.9722 0.1389 1.0874 -9.4871 -0.0153 1.5385 0.0000 0.9134
Car -1 -1 0.3494 311.4782 106.4026 381.7137 170.8010 1.1475 2.5428 0.4565 -5.1766 -0.0437 14.2068 0.0000 0.8180
Car -1 -1 -0.3046 818.3932 182.3187 849.5536 252.7070 1.4781 0.6693 0.4645 -4.8973 -0.2084 -15.5795 0.0000 0.9995
Car -1 -1 -0.2741 797.7547 175.4621 822.8138 257.8050 1.9260 0.9190 0.3474 -4.8828 -0.0641 -17.3684 0.0000 0.9998
Car -1 -1 -0.2348 751.8474 185.1950 810.7451 241.5497 1.7643 1.5669 1.5629 -5.6726 -0.4187 -23.7186 0.0000 0.9167
Car -1 -1 0.3814 285.4306 165.2757 347.3940 283.9077 2.4157 0.8782 0.9427 6.0689 0.1547 -15.1342 0.0000 0.9987
Car -1 -1 0.5051 156.8745 158.3110 252.9818 305.4082 2.2784 0.8709 1.0582 6.4228 0.2256 -11.6143 0.0000 0.9991
Car -1 -1 0.6131 0.0000 163.0639 199.2047 311.7703 2.6641 2.2905 2.6138 9.9014 0.1758 -14.0746 0.0000 0.6839
Car -1 -1 0.4074 267.1323 99.5964 333.5557 174.3623 1.1462 1.1247 0.5881 -5.0155 0.0235 11.6214 0.0000 0.9386
Car -1 -1 1.4389 0.0000 283.4626 0.0000 374.0000 1.0768 1.7026 1.3799 14.3092 -0.4206 -1.8978 0.0000 0.4709
Car -1 -1 1.4588 0.0000 309.6585 0.0000 374.0000 0.9306 0.6121 0.4588 9.4745 -0.2591 -1.0653 0.0000 0.9992
Car -1 -1 -1.3798 1241.0000 0.0000 1241.0000 192.7020 2.3479 0.3485 1.5108 17.9264 0.0910 3.4668 0.0000 0.9980
Car -1 -1 -0.9845 1241.0000 53.9016 1241.0000 152.8601 1.5080 2.2299 0.6886 18.9075 -0.3786 12.5583 0.0000 0.9145
Car -1 -1 0.4446 222.7350 169.3341 302.3234 272.5472 2.9406 1.2527 1.7341 10.0941 0.1006 -21.1865 0.0000 0.9990
Car -1 -1 0.4697 216.7490 89.2294 277.3128 177.1960 1.1104 0.5998 0.4883 -4.7739 0.0552 9.4047 0.0000 0.9995
Car -1 -1 1.1323 0.0000 207.5566 0.0000 374.0000 1.3688 0.8431 0.8270 13.7528 -0.3300 -6.4491 0.0000 0.7502
Car -1 -1 1.1811 0.0000 271.4959 0.0000 319.3660 0.3359 0.6239 0.2477 16.2266 -0.9529 -6.6635 0.0000 0.4864
Car -1 -1 1.3951 0.0000 243.4576 0.0000 374.0000 1.2421 0.7905 1.2020 12.3483 -0.2525 -2.1918 0.0000 0.7221
Car -1 -1 -0.6282 1125.0114 124.3421 1146.1085 146.3454 0.6823 0.2368 0.4934 16.5442 -0.8409 22.7761 0.0000 0.9985
Car -1 -1 -0.1879 742.5394 134.0552 753.7401 160.7568 1.1501 0.5441 0.3860 6.0067 -0.5340 31.5947 0.0000 0.9998
Car -1 -1 -0.1725 731.5536 139.1563 741.5387 157.0169 0.8173 0.4971 0.3790 5.8708 -0.7450 33.7052 0.0000 0.9854
Car -1 -1 -0.1572 719.2862 132.8161 731.0972 164.1205 1.5410 0.5829 0.4954 5.7028 -0.4386 35.9707 0.0000 0.9999
Car -1 -1 -0.1727 716.3213 194.2313 751.5045 229.4759 1.1648 0.5698 1.0953 -4.2715 -0.7333 -24.4802 0.0000 0.7282
Car -1 -1 0.5405 124.7995 77.9930 235.4193 180.0015 1.1014 0.5627 0.9026 -4.8424 0.0775 8.0688 0.0000 0.9892
Car -1 -1 0.2966 369.2993 178.4686 404.4111 247.1651 2.1708 0.9278 0.8494 7.1329 -0.1849 -23.3430 0.0000 0.9993
Car -1 -1 -0.8280 1241.0000 103.2745 1241.0000 143.4749 0.8991 0.7162 0.0873 18.5298 -0.7072 17.0157 0.0000 0.9998
Car -1 -1 1.0279 0.0000 192.9609 0.0000 277.9548 0.8593 1.1411 0.9309 13.4864 -0.2422 -8.1380 0.0000 0.5206
Car -1 -1 0.2466 410.3642 180.8354 441.9660 221.0388 1.5025 0.5296 1.0626 6.8821 -0.3049 -27.3377 0.0000 0.9881
Car -1 -1 -0.1734 732.5022 153.9370 741.9546 177.0590 1.0697 0.4580 0.3592 5.8853 0.1949 33.6056 0.0000 0.9989
Car -1 -1 0.1432 499.1320 164.3348 515.4446 177.2426 0.4320 0.3368 0.5020 -3.5044 0.1472 24.3123 0.0000 0.9293
Car -1 -1 -1.4031 1241.0000 0.0000 1241.0000 180.3924 1.6656 0.2425 0.9519 21.4671 0.0371 3.6347 0.0000 0.9987
Car -1 -1 0.1993 454.2513 167.0256 478.0830 185.8662 0.4580 0.4034 0.5058 -3.5824 0.3167 17.7391 0.0000 0.9881
Car -1 -1 0.4763 158.3374 107.9043 319.7187 210.6137 0.8541 0.8223 1.0118 -3.3064 0.3144 6.4088 0.0000 0.7200
Car -1 -1 0.0512 562.6333 179.8421 580.0658 197.4532 0.8766 0.4077 0.8550 1.8590 -0.3530 -36.2833 0.0000 0.9941
Car -1 -1 1.4612 0.0000 205.6830 0.0000 374.0000 0.7765 0.2880 0.5982 12.0128 -0.0662 -1.3224 0.0000 0.9943
Car -1 -1 -1.0244 1241.0000 109.6634 1241.0000 180.6302 1.1295 0.8778 0.7580 19.5993 0.1241 11.9196 0.0000 0.6662
Car -1 -1 1.3793 0.0000 231.8094 0.0000 374.0000 0.9463 0.6297 0.7122 10.7507 -0.1955 -2.0846 0.0000 0.9931
Car -1 -1 -1.3737 1241.0000 0.0000 1241.0000 157.5009 1.0451 0.1724 0.4311 16.7742 -0.0728 3.3488 0.0000 0.9997
Car -1 -1 -0.8688 1241.0000 131.3766 1241.0000 178.6089 1.0288 0.3020 0.3942 18.7595 0.1257 15.8640 0.0000 0.9977
Car -1 -1 -0.8333 1241.0000 155.2145 1241.0000 181.6458 0.6107 0.3263 0.0683 18.5269 0.2035 16.8309 0.0000 0.9999
Car -1 -1 0.9749 0.0000 0.0000 23.2542 263.3652 1.1593 2.6890 1.3764 -4.1044 0.1812 2.7833 0.0000 0.5605
Car -1 -1 -0.2129 750.6348 136.8178 789.5536 203.1423 0.9438 0.5549 0.4453 2.2789 0.4314 10.5425 0.0000 0.9996
Car -1 -1 -0.1888 741.2640 161.1099 756.8365 184.2114 0.8610 0.4939 0.4902 5.1838 0.4236 27.1348 0.0000 0.9998
Car -1 -1 0.1809 460.2709 158.1369 491.5783 198.5088 1.6983 0.9177 1.1669 5.6367 0.6195 -30.8140 0.0000 0.8007
Car -1 -1 0.2755 397.1489 168.5851 410.4503 200.7531 1.1338 0.5653 0.3128 7.2701 0.1508 -25.7159 0.0000 0.9997
Car -1 -1 0.3457 308.3723 137.1836 377.9388 235.8726 1.4318 1.7147 0.4588 4.0804 0.5179 -11.3284 0.0000 0.9732
Car -1 -1 -0.1976 741.7378 158.5112 762.4065 188.7014 0.8259 0.7964 0.4195 -4.0314 0.3927 -20.1394 0.0000 0.9964
Car -1 -1 0.0970 527.0318 162.2835 548.7890 175.6359 0.5680 0.2212 0.9070 2.9976 0.4501 -30.8095 0.0000 0.6325
Car -1 -1 -0.3081 827.4034 159.5854 846.8352 177.7178 0.4913 0.2629 0.4471 -6.2650 0.3599 -19.6833 0.0000 0.9829
Car -1 -1 -0.2307 767.0614 158.6580 785.8568 185.0562 0.5961 0.2139 0.3777 -3.8518 0.3209 -16.4022 0.0000 0.9885
Car -1 -1 -0.2108 742.1224 145.7877 780.2332 194.7250 0.9145 0.4717 0.6255 -2.9364 0.5061 -13.7218 0.0000 0.9998
Car -1 -1 0.0618 546.6222 158.7977 580.2594 184.8628 1.2006 0.6992 1.5209 2.0786 0.6478 -33.5865 0.0000 0.9185
Car -1 -1 0.1472 491.9719 155.7056 510.3684 181.7291 1.1706 0.4763 0.7621 4.8486 0.7717 -32.6981 0.0000 0.9996
Car -1 -1 0.2092 440.4990 145.3832 467.7660 180.8102 1.0287 0.4883 0.6958 4.5013 0.7980 -21.1986 0.0000 0.9967
Car -1 -1 -1.4259 1241.0000 129.1911 1241.0000 374.0000 1.2485 0.8889 0.9962 23.8266 1.0652 3.4765 0.0000 0.9961
Car -1 -1 -0.3928 891.0452 150.1215 918.8358 201.7125 0.7431 0.5477 0.1866 -4.4214 0.3278 -10.6697 0.0000 0.9994
Car -1 -1 0.6382 56.9217 136.6830 83.8738 223.4884 1.4006 0.4178 0.1305 8.7919 0.5840 -11.8539 0.0000 0.9997
Car -1 -1 1.0751 0.0000 0.0000 0.0000 220.0845 1.0582 1.5256 0.4604 -5.0086 0.1279 2.7083 0.0000 0.5588
Car -1 -1 -0.3255 834.8197 121.2099 863.6885 144.7366 0.3229 0.3402 0.3063 -3.5377 0.7382 -10.4822 0.0000 0.6201
Car -1 -1 0.1481 493.4043 121.0318 503.1778 151.6510 0.5013 0.3418 0.1128 1.8235 0.8658 -12.2231 0.0000 0.9999
Car -1 -1 -1.4059 1241.0000 280.2264 1241.0000 374.0000 0.7537 0.9504 0.8865 17.2819 1.2532 2.8764 0.0000 0.5121
Car -1 -1 -0.3525 870.6682 220.2886 893.6143 267.0601 0.3763 0.2097 0.1155 2.2512 0.7860 6.1192 0.0000 0.9995
