Car -1 -1 -0.4702 946.4151 184.3981 1004.4946 252.6959 1.5347 1.9084 0.4401 -8.8906 -0.2947 -17.4926 0.0000 0.8595
Car -1 -1 -0.4360 923.0205 194.6513 965.3559 235.3579 1.0407 1.1069 0.6363 -9.1304 -0.6083 -19.5959 0.0000 0.9909
Car -1 -1 -0.3287 837.9889 188.6867 870.8418 230.7036 1.8784 0.1785 1.4153 -11.0574 -0.7128 -32.4161 0.0000 0.9343
Car -1 -1 0.3886 305.6044 131.8859 327.4710 157.2301 0.5823 0.5331 0.3040 -7.0302 -0.3773 17.1711 0.0000 0.7799
Car -1 -1 -1.1777 1241.0000 0.0000 1241.0000 135.6989 1.1684 0.9062 0.5780 14.5061 -0.3329 6.0156 0.0000 0.9910
Car -1 -1 -0.9234 1241.0000 1.8165 1241.0000 163.1966 1.1621 1.5865 1.2803 8.0430 -0.0917 6.0813 0.0000 0.6877
Car -1 -1 -0.5754 1056.5150 83.9336 1107.8421 166.8839 1.1805 0.5469 0.3945 6.8613 -0.0895 10.5785 0.0000 0.9995
Car -1 -1 -0.5063 904.6232 32.3563 1169.1239 175.5773 1.1424 2.1806 1.2180 3.7944 0.0221 6.8427 0.0000 0.6117
Car -1 -1 -0.3396 836.5691 123.0295 898.8615 157.2790 0.8330 1.1218 1.2061 6.5776 -0.4137 18.6165 0.0000 0.7474
Car -1 -1 -0.4051 908.4865 203.3700 925.7150 224.4451 0.5585 0.9477 0.0967 -8.9916 -0.9065 -20.9712 0.0000 0.9567
Car -1 -1 -0.3914 897.8439 203.1977 913.2739 223.3743 0.5721 0.7187 0.1735 -9.0396 -0.9357 -21.9015 0.0000 0.9909
Car -1 -1 -0.3716 882.3022 198.1939 895.6608 226.0966 0.8929 0.3834 0.2890 -9.2084 -0.8362 -23.6313 0.0000 0.9998
Car -1 -1 0.3055 370.9667 206.9799 390.5092 221.3193 0.6924 0.1642 0.9044 11.1387 -1.6738 -35.3186 0.0000 0.4529
Car -1 -1 -0.6081 1088.3649 199.7342 1131.7236 233.0696 0.7892 0.8640 0.4950 -12.6787 -0.6942 -18.2137 0.0000 0.9828
Car -1 -1 -0.3082 823.5709 192.0187 851.3568 234.4272 1.2211 0.5221 0.6543 -6.7738 -0.5716 -21.2748 0.0000 0.9996
Car -1 -1 -0.5591 1046.0801 118.6685 1082.0977 147.3371 0.5907 0.6952 0.3525 9.9059 -0.5719 15.8311 0.0000 0.9706
Car -1 -1 0.4055 290.6661 144.6725 311.9835 164.3176 0.7359 0.6130 0.5536 -11.8458 -0.3298 27.5973 0.0000 0.9918
Car -1 -1 -0.1703 717.2975 179.5784 747.5932 214.8942 1.4299 1.0751 1.0747 -5.1506 -0.2838 -29.9596 0.0000 0.9731
Car -1 -1 0.5170 189.7606 195.9951 201.7341 261.0403 1.1378 0.1605 0.1197 7.2571 -0.4114 -12.7619 0.0000 0.9998
Car -1 -1 -0.6251 1095.2492 121.9216 1172.5731 150.2245 0.5538 0.7010 1.1012 10.8437 -0.4820 15.0270 0.0000 0.3577
Car -1 -1 -0.3928 893.7896 140.6262 927.4078 160.6291 0.6304 0.8169 0.7609 9.7964 -0.4072 23.6438 0.0000 0.3976
Car -1 -1 0.9259 0.0000 115.9701 0.0000 128.1001 0.0842 0.6081 0.0949 -10.0447 -0.4873 7.5554 0.0000 0.5117
Car -1 -1 0.2087 439.9613 177.3101 469.2107 209.0516 1.0090 1.1347 0.7156 5.0112 -0.1493 -23.6666 0.0000 0.9969
Car -1 -1 -0.5616 1047.1090 170.0860 1074.5899 206.6706 0.7222 0.4946 0.2425 -9.1186 0.0550 -14.4937 0.0000 0.9994
Car -1 -1 0.2908 365.1362 168.0242 413.9784 200.6167 0.7487 2.3665 0.4805 5.3145 0.1113 -17.7602 0.0000 0.4835
Car -1 -1 0.5855 94.5979 166.6275 157.9452 203.6228 0.5823 0.7952 0.4993 7.7956 0.0984 -11.7568 0.0000 0.9549
Car -1 -1 1.1458 0.0000 211.6579 0.0000 267.2755 0.4027 0.3755 0.3562 12.5432 -0.3149 -5.6770 0.0000 0.8207
Car -1 -1 -0.6529 1122.2210 156.0552 1197.0399 174.3522 0.3450 0.9459 0.7387 -10.7679 0.3171 -14.0808 0.0000 0.4911
Car -1 -1 -0.2808 802.4350 162.8238 829.6095 190.5733 0.8633 0.8398 0.6209 -6.5953 0.3124 -22.8702 0.0000 0.9996
Car -1 -1 -0.8489 1241.0000 121.5209 1241.0000 209.3672 0.8082 0.7302 0.6860 -7.9581 0.4726 -7.0060 0.0000 0.9870
Car -1 -1 0.2198 399.6686 83.3542 484.2653 100.0803 0.0803 2.1532 1.1306 3.1076 1.5920 -13.9113 0.0000 0.6510
Car -1 -1 -0.3921 875.3081 73.0535 924.0794 107.7039 0.1988 0.2663 0.2155 -1.9745 0.6421 -4.7755 0.0000 0.5767
Car -1 -1 0.4202 199.7056 0.0000 337.1149 0.0000 0.0349 1.2469 0.2912 2.0673 1.6452 -4.6274 0.0000 0.5968
Car -1 -1 -0.5332 981.9901 172.1059 1086.4893 273.0538 1.6832 1.0538 1.1984 -7.4128 0.0128 -12.5603 0.0000 0.9453
