Car -1 -1 0.5383 165.0211 15.5310 207.6269 217.4645 1.4846 0.2861 0.1539 -3.2511 0.3283 5.4450 0.0000 0.9999
Car -1 -1 -0.9166 1241.0000 78.4564 1241.0000 152.9629 1.5285 0.5472 0.4569 19.8480 -0.4268 15.2191 0.0000 0.9999
Car -1 -1 -0.8796 1241.0000 1.6770 1241.0000 173.2755 1.2127 0.7743 0.7836 6.6274 0.0033 5.4836 0.0000 0.9994
Car -1 -1 -0.3421 849.4249 135.4700 888.6998 145.7334 0.2429 0.7636 0.7854 6.9335 -0.7460 19.4708 0.0000 0.5524
Car -1 -1 0.7746 0.0000 95.1245 0.0000 188.4059 2.3115 0.4281 0.6420 -17.7038 0.3857 18.0912 0.0000 0.9997
Car -1 -1 -1.4959 1241.0000 189.5128 1241.0000 374.0000 2.0760 1.3493 0.9221 -34.2208 -0.0745 -2.5683 0.0000 0.9999
Car -1 -1 -1.2679 1241.0000 188.9565 1241.0000 332.8972 2.0351 1.3770 0.6632 -35.3530 -0.2615 -11.0466 0.0000 0.9998
Car -1 -1 -1.2466 1241.0000 215.5534 1241.0000 290.4679 1.1579 0.7148 0.4759 -35.4758 -0.7260 -11.9201 0.0000 0.9910
Car -1 -1 -1.1215 1241.0000 204.8070 1241.0000 267.7648 1.2501 2.7212 1.0810 -35.4051 -0.8158 -17.0710 0.0000 0.5054
Car -1 -1 -0.9315 1241.0000 199.3217 1241.0000 241.9797 1.3078 2.5559 1.6695 -33.6123 -0.9630 -24.9874 0.0000 0.4911
Car -1 -1 -0.8341 1241.0000 208.3364 1241.0000 221.3633 0.5281 0.6757 0.5618 -34.6529 -1.5618 -31.4307 0.0000 0.6392
Car -1 -1 0.4774 224.4060 205.4557 245.0140 231.6779 1.0640 0.8594 0.4325 15.9225 -1.4096 -30.7786 0.0000 0.9983
Car -1 -1 1.2032 0.0000 225.0750 0.0000 354.0361 1.7216 0.7634 1.1919 26.8112 -0.7744 -10.3260 0.0000 0.9992
Car -1 -1 1.2598 0.0000 260.0076 0.0000 352.5929 1.1768 0.6298 1.0555 31.3662 -1.2551 -10.0814 0.0000 0.9587
Car -1 -1 1.2887 0.0000 283.0896 0.0000 345.1180 0.7567 1.0561 0.3771 38.6751 -1.7925 -11.2097 0.0000 0.8907
Car -1 -1 -0.9413 1241.0000 94.4085 1241.0000 135.3980 0.8776 0.7353 0.7672 22.6342 -0.8746 16.4847 0.0000 0.9040
Car -1 -1 1.0679 0.0000 117.7075 0.0000 147.1117 0.7317 0.6470 0.6792 -34.2495 -0.6835 18.8411 0.0000 0.9575
Car -1 -1 -1.0398 1241.0000 190.9737 1241.0000 267.9345 1.8792 2.7617 0.5466 -33.4672 -0.5278 -19.6516 0.0000 0.9763
Car -1 -1 -0.9845 1241.0000 208.7257 1241.0000 235.7312 0.7799 1.1208 0.1460 -34.4631 -1.1653 -22.8881 0.0000 0.9932
Car -1 -1 0.3891 299.3425 189.7063 323.6229 233.0389 1.1992 0.4022 0.5178 8.3333 -0.4790 -20.3277 0.0000 0.9999
Car -1 -1 -1.0309 1241.0000 82.9957 1241.0000 122.5675 0.6107 0.9810 0.6086 21.4779 -0.9310 12.8702 0.0000 0.5590
Car -1 -1 -0.3175 837.3191 122.3986 860.6879 160.5638 1.0355 0.7370 0.4091 6.6316 -0.3497 20.1791 0.0000 0.9979
Car -1 -1 0.6613 37.5666 137.5755 61.3096 170.5336 1.3398 0.6908 0.4419 -23.1299 -0.0963 29.7229 0.0000 0.9999
Car -1 -1 -1.2063 1241.0000 180.6234 1241.0000 305.5044 1.4798 2.0860 1.7148 -25.4880 -0.1156 -9.7255 0.0000 0.6664
Car -1 -1 0.5299 154.1921 186.9431 213.6080 246.6306 2.1060 2.4928 0.7769 15.9901 -0.5569 -27.2961 0.0000 0.9806
Car -1 -1 0.1931 460.7509 190.2108 473.6094 207.3269 0.8282 0.2814 0.5742 6.9124 -0.8531 -35.3424 0.0000 0.9505
Car -1 -1 0.2943 370.3291 175.6657 407.2742 221.6345 1.5803 0.8955 1.0219 7.6717 -0.1000 -25.3104 0.0000 0.9910
Car -1 -1 0.6598 12.8783 186.9775 79.1114 256.9578 1.8398 1.9909 0.3145 15.8017 -0.4178 -20.3690 0.0000 0.9986
Car -1 -1 0.7322 0.0000 149.5338 0.0000 178.8023 0.9999 0.8569 0.3663 -22.5401 0.2036 25.0751 0.0000 0.9976
Car -1 -1 1.2787 0.0000 215.0883 0.0000 286.8759 0.9782 1.6422 0.3913 38.6443 -0.7278 -11.6216 0.0000 0.8601
Car -1 -1 -1.1599 1241.0000 160.0957 1241.0000 205.6136 0.8919 0.9680 0.3188 -33.5709 0.2504 -14.6250 0.0000 0.9994
Car -1 -1 -0.9657 1241.0000 170.5007 1241.0000 208.0793 0.6516 0.7514 0.8315 -18.6377 0.0412 -12.8906 0.0000 0.5303
Car -1 -1 0.4786 223.9514 176.4168 243.3931 210.7371 1.4400 0.8496 0.3869 15.9731 -0.1538 -30.7899 0.0000 0.9998
Car -1 -1 0.7288 0.0000 178.4314 0.0000 283.7313 1.3534 0.2735 0.2865 8.4164 -0.0736 -9.4280 0.0000 0.9999
Car -1 -1 0.7911 0.0000 160.7536 0.0000 200.3548 1.1693 0.9268 0.1496 -22.0140 0.8124 21.7656 0.0000 0.9997
Car -1 -1 0.8303 0.0000 153.3276 0.0000 206.7152 1.3892 0.7674 1.3809 -20.9564 0.8814 19.1555 0.0000 0.9933
Car -1 -1 1.4171 0.0000 213.6976 0.0000 340.4921 0.6397 0.3686 0.6068 25.4757 -0.2333 -3.9461 0.0000 0.8378
Car -1 -1 0.7215 0.0000 180.3594 0.0000 205.6301 0.8623 1.1963 0.1565 -22.4946 1.1349 25.5711 0.0000 0.9934
Car -1 -1 0.7555 0.0000 168.5211 0.0000 206.2798 1.2009 1.3338 0.1765 -22.2413 1.0634 23.6114 0.0000 0.9976
Car -1 -1 -0.2200 756.2357 158.0738 780.1035 243.5287 1.6355 0.7406 0.3063 -3.1708 0.2832 -14.1828 0.0000 0.9998
Car -1 -1 0.3398 304.1804 179.3685 403.0941 208.1788 0.6575 2.4232 1.6391 -6.4415 0.8334 18.2235 0.0000 0.6410
Car -1 -1 0.4995 209.3264 170.0130 219.2373 190.3152 0.8015 0.6161 0.0580 15.7115 0.1125 -28.7955 0.0000 0.9999
Car -1 -1 -1.1629 1241.0000 165.6683 1241.0000 214.1093 0.4097 0.4627 0.2571 14.6508 0.3493 6.3308 0.0000 0.9986
Car -1 -1 -1.0082 1241.0000 111.3329 1241.0000 146.7548 0.3193 0.4527 0.2041 -11.2082 0.5834 -7.0674 0.0000 0.4203
Car -1 -1 -0.6662 1147.3580 130.9001 1203.9865 143.6948 0.3381 1.3025 0.7584 -17.8318 1.2814 -22.6865 0.0000 0.6608
Car -1 -1 -0.8643 1241.0000 103.3499 1241.0000 127.1763 0.2993 2.6939 0.8369 -18.2535 1.3709 -15.5777 0.0000 0.6095
Car -1 -1 -0.6890 1114.8994 132.5154 1241.0000 228.4602 0.7854 0.9338 1.0337 5.2477 0.4555 6.3705 0.0000 0.6796
Car -1 -1 0.6613 0.0000 192.8486 96.8449 293.7276 1.1515 0.7431 0.7805 6.8156 -0.2526 -8.7578 0.0000 0.9913
