Car -1 -1 -1.0378 1241.0000 173.7249 1241.0000 310.6762 1.6418 1.0110 0.0942 -15.5338 -0.0113 -9.1646 0.0000 1.0000
Car -1 -1 -0.6607 1150.3114 179.4749 1186.2045 257.7368 1.7538 0.6780 0.2990 -12.8782 -0.1548 -16.5680 0.0000 0.9999
Car -1 -1 0.2073 431.7558 184.8081 479.8725 244.8984 2.4088 1.3327 1.7070 6.2794 -0.5053 -29.8578 0.0000 0.9582
Car -1 -1 0.4959 202.7698 177.4649 224.8393 296.4673 1.3597 0.2188 0.1358 4.5248 -0.0538 -8.3645 0.0000 0.9999
Car -1 -1 0.7074 0.0000 227.9251 55.7685 251.1025 0.1467 1.9343 0.4130 8.6635 -0.8466 -10.1323 0.0000 0.5478
Car -1 -1 -1.4443 1241.0000 0.0000 1241.0000 102.9394 2.4373 2.1453 0.5834 33.2710 -0.5138 4.2309 0.0000 0.9992
Car -1 -1 0.7241 0.0000 57.0380 97.0386 195.8023 1.6102 1.7962 1.8250 -8.1955 0.2666 9.2681 0.0000 0.9956
Car -1 -1 -0.3921 877.9877 104.6278 946.7246 166.9994 1.3152 1.7448 0.8159 6.7182 -0.1386 16.2478 0.0000 0.4681
Car -1 -1 -0.8707 1241.0000 176.2186 1241.0000 280.1871 1.6629 0.9273 0.6806 -14.2866 -0.0579 -12.0370 0.0000 0.9989
Car -1 -1 -0.3381 848.0016 127.6151 882.9437 156.9328 0.9067 1.0291 0.7677 8.2232 -0.5271 23.3862 0.0000 0.7270
Car -1 -1 -1.4069 1241.0000 145.2652 1241.0000 374.0000 1.2704 1.2244 0.6668 -18.3594 0.0930 -3.0369 0.0000 0.9998
Car -1 -1 -0.8023 1241.0000 178.8805 1241.0000 275.1570 1.6593 2.2742 0.9871 -14.1886 -0.1237 -13.7176 0.0000 0.9656
Car -1 -1 -0.2911 810.1481 140.5038 843.6521 162.9910 1.1831 0.2324 1.7028 11.4376 -0.5231 38.1759 0.0000 0.7986
Car -1 -1 -1.4541 1241.0000 186.5159 1241.0000 374.0000 1.3017 0.7107 1.0589 -16.4995 -0.0429 -1.9338 0.0000 0.9995
Car -1 -1 -0.3134 817.2417 174.7052 867.2259 237.8345 1.6865 1.5313 0.8977 -6.5108 -0.0531 -20.0897 0.0000 0.9996
Car -1 -1 -1.4253 1241.0000 0.0000 1241.0000 84.6654 1.3929 0.5070 0.8665 22.9008 -0.4410 3.3552 0.0000 0.9988
Car -1 -1 0.1770 470.4214 184.1148 487.7047 214.6383 1.3147 0.4473 0.6728 5.6285 -0.4942 -31.4693 0.0000 0.9973
Car -1 -1 0.4181 272.5362 165.9685 298.9558 246.3183 1.5860 0.3476 0.3719 6.4066 0.1363 -14.4187 0.0000 0.9999
Car -1 -1 -1.5247 1241.0000 0.0000 1241.0000 0.0000 0.3990 1.8613 0.3922 21.0858 -0.5147 0.9733 0.0000 0.5700
Car -1 -1 0.5361 155.8185 189.9004 198.8239 232.4951 0.8772 1.1283 0.2703 9.4330 -0.3880 -15.8773 0.0000 0.9977
Car -1 -1 -0.5428 1001.9283 167.0524 1085.1973 202.5422 0.9607 0.8350 1.8000 -12.0354 0.1574 -19.9523 0.0000 0.5181
Car -1 -1 -0.3416 843.3925 148.8485 893.5650 182.5756 0.9954 0.8058 1.2196 7.7121 0.2873 21.6945 0.0000 0.8695
Car -1 -1 -1.4389 1241.0000 0.0000 1241.0000 204.2293 1.1759 0.4347 0.8894 23.9402 0.1291 3.1756 0.0000 0.9979
Car -1 -1 -0.3571 868.2833 153.6592 893.9880 183.1184 0.7908 0.5342 0.4985 7.3264 0.2759 19.6341 0.0000 0.9929
Car -1 -1 -0.2235 761.2093 169.0377 789.9426 182.9025 0.4445 0.4947 0.8171 5.3142 0.3225 23.3752 0.0000 0.4698
Car -1 -1 0.1442 498.7818 182.4496 512.8274 191.5280 0.5338 0.0929 0.8152 -6.1803 1.1008 42.5635 0.0000 0.4911
Car -1 -1 0.1789 474.9705 143.9932 488.3648 189.3802 0.9860 0.6828 0.1763 -2.8955 0.3594 16.0134 0.0000 0.9999
Car -1 -1 -0.2884 813.2758 166.9179 830.6120 194.7415 0.9112 0.7437 0.3577 -7.1199 0.1948 -24.0031 0.0000 0.9998
Car -1 -1 -0.4030 902.3922 164.9671 937.2011 190.2633 0.6447 0.7199 0.5950 7.9934 0.4441 18.7475 0.0000 0.9062
Car -1 -1 -0.5421 1025.6897 154.3927 1056.3796 174.8862 0.3592 0.3663 0.3267 -7.7290 0.3240 -12.8341 0.0000 0.9949
Car -1 -1 -0.3406 852.3010 159.5341 874.1035 196.5907 0.9375 0.7129 0.3118 -6.5969 0.3373 -18.6139 0.0000 0.9997
Car -1 -1 0.4931 214.9651 193.7890 233.9681 213.9923 0.4382 0.2871 0.2705 -8.6453 0.9095 16.0871 0.0000 0.9089
Car -1 -1 -0.9524 1241.0000 154.4683 1241.0000 205.2419 0.3488 0.6144 0.1748 7.3952 0.2229 5.2613 0.0000 0.6216
Car -1 -1 -0.5122 994.9801 141.4907 1028.8077 180.2233 0.6415 0.2554 0.4238 -6.7920 0.5198 -12.0814 0.0000 0.9997
Car -1 -1 0.2362 412.6929 143.0809 451.1649 161.6395 0.3159 1.0228 0.4632 3.2277 0.5326 -13.4121 0.0000 0.5609
Car -1 -1 -1.0421 1241.0000 11.3183 1241.0000 37.9052 0.1713 0.7978 0.2696 -15.5788 1.9480 -9.1011 0.0000 0.6348
Car -1 -1 -1.0517 1241.0000 0.0000 1241.0000 0.0000 0.3984 0.7908 0.2435 -10.0028 2.7935 -5.7155 0.0000 0.4159
Car -1 -1 0.7832 0.0000 0.0000 43.0798 21.1342 0.1911 0.3747 0.3585 1.2497 0.4942 -1.2551 0.0000 0.5687
