Car -1 -1 -0.8898 1223.0000 171.7018 1223.0000 317.9748 1.0648 1.3918 1.5203 -7.2175 0.0659 -5.8479 0.0000 0.3574
Car -1 -1 -0.6441 1029.0162 181.5345 1223.0000 258.0239 1.2477 2.9888 2.0092 -9.8168 -0.0194 -13.0726 0.0000 0.5130
Car -1 -1 -1.3960 1223.0000 0.0000 1223.0000 68.9469 0.7724 1.6916 1.0068 12.8271 -0.4900 2.2659 0.0000 0.4607
Car -1 -1 -0.7933 1223.0000 61.7848 1223.0000 160.3760 1.3067 0.6966 0.3163 10.0139 -0.2889 9.8565 0.0000 0.9990
Car -1 -1 -0.7466 1223.0000 84.6156 1223.0000 163.1615 1.9725 0.5443 0.7889 16.7864 -0.4501 18.1436 0.0000 0.9999
Car -1 -1 -0.7127 1129.2521 42.2563 1223.0000 180.5310 2.0409 2.7276 0.9542 10.1942 0.0021 11.7949 0.0000 0.9114
Car -1 -1 1.1423 0.0000 0.0000 0.0000 237.8620 1.3859 0.6159 0.9165 -7.8545 0.2683 3.5882 0.0000 0.9970
Car -1 -1 -0.5366 996.8128 183.9523 1048.8252 239.4853 1.1967 0.8804 0.6358 -9.3605 -0.0770 -15.7357 0.0000 0.9992
Car -1 -1 0.9042 0.0000 198.1699 0.0000 290.7209 1.5099 0.5698 0.4089 15.1682 -0.3034 -11.9338 0.0000 0.9995
Car -1 -1 -0.8112 1223.0000 99.0463 1223.0000 144.7169 1.2249 0.7356 0.1561 20.9563 -1.0246 19.9027 0.0000 0.9999
Car -1 -1 0.0271 584.1674 108.0460 591.3576 170.0370 1.2651 0.3845 0.1405 -0.3985 -0.2186 14.6814 0.0000 0.9999
Car -1 -1 0.9268 0.0000 109.7283 0.0000 163.0424 1.1642 1.4573 1.2936 -22.1636 -0.4274 16.6409 0.0000 0.6949
Car -1 -1 -0.2839 796.9958 189.4108 820.3612 224.8415 1.1439 0.4142 0.6448 -6.7527 -0.2922 -23.1438 0.0000 0.9985
Car -1 -1 -0.7205 1210.9789 96.3125 1223.0000 154.6580 1.4938 0.2236 0.6369 16.0726 -0.6718 18.3076 0.0000 0.9998
Car -1 -1 0.8748 0.0000 132.9244 0.0000 160.8607 0.7209 0.5250 0.6362 -22.5927 -0.5301 18.8735 0.0000 0.9830
Car -1 -1 1.3388 0.0000 13.1670 0.0000 139.6003 0.6038 0.6696 0.7842 -16.6048 -0.2449 3.9229 0.0000 0.5248
Car -1 -1 0.1062 529.0866 122.5254 534.1604 157.7444 0.7321 0.1114 0.0950 -1.5795 -0.4773 14.8203 0.0000 0.9998
Car -1 -1 1.1842 0.0000 0.0000 0.0000 291.0378 1.2976 0.5354 1.3673 -6.5430 0.3771 2.6639 0.0000 0.9298
Car -1 -1 1.3695 0.0000 4.4721 0.0000 181.1720 0.6742 1.2227 0.7719 -16.1953 0.0043 3.3043 0.0000 0.3989
Car -1 -1 0.0452 555.4315 75.7914 599.9080 215.9009 1.3143 0.4155 0.4148 -0.3094 0.3338 6.8352 0.0000 0.9999
Car -1 -1 1.0259 0.0000 48.3038 0.0000 240.2968 1.1725 1.8694 0.8712 -8.6576 0.3669 5.2478 0.0000 0.7682
Car -1 -1 -0.8089 1223.0000 84.5366 1223.0000 190.2074 1.1060 0.9494 0.8081 8.2492 0.1033 7.8701 0.0000 0.9658
Car -1 -1 -0.0939 641.5504 86.8697 710.3862 183.4647 1.6590 1.5174 1.1018 1.2144 0.0526 12.8971 0.0000 0.9935
Car -1 -1 -0.4651 944.8567 161.6360 969.8448 214.4851 1.7964 0.5968 0.5618 -12.2123 0.6432 -24.3369 0.0000 0.9998
Car -1 -1 0.9214 0.0000 122.4369 0.0000 219.2170 0.9486 0.4460 0.5067 -9.4161 0.3812 7.1486 0.0000 0.9994
Car -1 -1 0.1153 490.1819 145.1679 558.3306 201.0163 0.9765 0.9781 1.1282 -1.4878 0.3604 12.8462 0.0000 0.7378
Car -1 -1 0.7449 0.0000 164.8224 0.0000 196.0026 0.6343 1.0365 0.9514 -13.7355 0.3170 14.8963 0.0000 0.3836
Car -1 -1 -1.4519 1223.0000 0.0000 1223.0000 277.0951 0.7800 0.6776 0.6442 -16.1119 0.5658 -1.9245 0.0000 0.9320
Car -1 -1 -0.6036 1070.3428 148.1056 1108.9445 190.1624 1.0341 0.7411 0.4605 -12.2439 0.7984 -17.7606 0.0000 0.9997
Car -1 -1 -0.3386 843.3767 171.0976 867.5214 194.4509 0.5848 0.0827 0.5766 6.2483 0.3510 17.7424 0.0000 0.9994
Car -1 -1 -1.2869 1223.0000 205.9094 1223.0000 255.9134 0.4313 0.6020 0.3398 22.9664 0.6848 6.7004 0.0000 0.4938
Car -1 -1 -0.8809 1115.9575 61.7071 1223.0000 329.3137 1.0754 2.0098 2.4069 4.6550 0.5998 3.8413 0.0000 0.4926
Car -1 -1 -0.5382 998.6450 228.9824 1070.7886 294.3203 0.4626 0.2891 0.3713 3.1995 0.8420 5.3596 0.0000 0.9587
Car -1 -1 -0.9431 1223.0000 306.5352 1223.0000 369.0000 0.4016 0.7361 0.7536 3.5439 0.9282 2.5713 0.0000 0.4803
Car -1 -1 -1.0576 1223.0000 369.0000 1223.0000 369.0000 0.7157 1.4103 0.1654 7.0442 2.5045 3.9699 0.0000 0.8837
Car -1 -1 0.7575 0.0000 0.0000 80.3092 23.7968 0.2032 0.3501 0.3987 1.2219 0.5290 -1.2920 0.0000 0.5388
