Car -1 -1 0.9200 0.0000 24.4851 0.0000 205.0919 1.7608 1.9433 1.9612 -10.4690 0.2314 7.9722 0.0000 0.9662
Car -1 -1 1.0119 0.0000 59.3068 0.0000 192.9691 2.1069 1.6477 1.9979 -19.4161 0.1821 12.1442 0.0000 0.9401
Car -1 -1 -0.9307 1237.0000 164.1520 1237.0000 282.0962 2.5328 0.8189 0.8849 -21.2699 0.3743 -15.8383 0.0000 0.9999
Car -1 -1 0.4321 246.5108 166.0252 286.5631 206.1932 1.1637 1.2157 0.6292 9.8775 0.4501 -21.4206 0.0000 0.9942
Car -1 -1 1.0498 0.0000 132.6843 0.0000 242.8463 0.8056 1.4342 1.4423 10.4076 0.3585 -5.9725 0.0000 0.4726
Car -1 -1 -0.8461 1237.0000 166.6740 1237.0000 194.0590 0.3848 0.3573 0.4260 11.5983 0.1778 10.2692 0.0000 0.9899
Car -1 -1 -1.3022 1237.0000 75.6378 1237.0000 164.0825 0.8107 0.7497 0.8039 -25.8294 0.9937 -7.1093 0.0000 0.6339
Car -1 -1 1.2791 0.0000 200.0494 0.0000 312.2580 0.7650 1.2583 0.6288 -19.0903 0.9307 5.7319 0.0000 0.9057
Car -1 -1 -1.4718 1237.0000 0.0000 1237.0000 100.4671 0.7891 2.6688 1.9309 -19.3602 1.1577 -1.9225 0.0000 0.5003
Car -1 -1 1.1905 0.0000 225.7751 0.0000 277.7019 0.5434 0.5421 0.8211 -20.6315 1.0699 8.2475 0.0000 0.8448
Car -1 -1 -0.9999 1237.0000 208.4663 1237.0000 238.5976 0.2028 0.9771 0.7277 9.6449 0.4551 6.1938 0.0000 0.5827
Car -1 -1 -0.6354 1068.5277 170.0823 1193.6008 255.6225 2.8970 2.0703 2.8867 -18.7069 0.3886 -25.3659 0.0000 0.9993
Car -1 -1 0.3543 292.1561 184.6225 370.6670 248.1538 2.3524 2.4406 2.1396 10.3347 -0.1248 -27.9402 0.0000 0.8056
Car -1 -1 0.5450 40.8601 152.6805 264.0934 354.5251 1.4379 0.3963 1.4047 3.2238 0.2069 -5.3180 0.0000 0.9486
Car -1 -1 0.6614 0.0000 203.5895 83.6363 264.5432 0.9467 1.3706 0.5944 9.6060 -0.3988 -12.3406 0.0000 0.9608
Car -1 -1 0.8842 0.0000 211.7587 0.0000 294.8904 0.8914 1.8687 0.7435 11.3695 -0.4302 -9.3195 0.0000 0.8254
Car -1 -1 1.3459 0.0000 202.5172 0.0000 373.0000 1.4698 1.4048 1.1549 12.3135 -0.1013 -2.8164 0.0000 0.9935
Car -1 -1 1.1043 0.0000 18.3320 0.0000 202.0317 2.2318 2.9299 2.3282 -20.2349 0.2508 10.1895 0.0000 0.9823
Car -1 -1 1.4878 0.0000 209.0690 0.0000 373.0000 1.4302 1.4910 1.3569 11.0322 -0.0622 -0.9180 0.0000 0.9857
Car -1 -1 -1.3891 1237.0000 0.0000 1237.0000 92.6907 1.4382 0.7714 0.4396 21.3082 -0.5305 3.9139 0.0000 0.9998
Car -1 -1 -1.3570 1237.0000 0.0000 1237.0000 122.9706 1.4423 0.5614 0.7244 16.6599 -0.3164 3.6172 0.0000 0.9998
Car -1 -1 -1.2985 1237.0000 0.0000 1237.0000 106.4626 0.9386 1.1890 0.9606 13.4253 -0.4526 3.7492 0.0000 0.5491
Car -1 -1 1.3642 0.0000 0.0000 0.0000 272.5210 2.2160 2.9352 2.2811 -19.8649 0.3434 4.1636 0.0000 0.5959
Car -1 -1 -0.7437 1139.2725 56.6209 1237.0000 171.0210 1.3466 1.5378 2.1384 8.6122 -0.1465 9.3630 0.0000 0.7581
Car -1 -1 -0.4400 886.7447 104.6782 1000.6729 167.5503 1.4293 1.6815 1.9789 8.2588 -0.3559 17.5421 0.0000 0.9669
Car -1 -1 -0.2919 802.9168 125.8060 832.8708 163.3679 1.5259 0.8839 0.9854 9.0299 -0.7687 30.0476 0.0000 0.9999
Car -1 -1 0.7134 0.0000 108.5091 26.9690 180.8296 2.3673 1.4633 1.9710 -20.9942 -0.0223 24.2562 0.0000 0.9986
Car -1 -1 0.8508 0.0000 93.0478 0.0000 183.0251 2.1153 1.1880 0.6253 -19.9297 0.0371 17.4791 0.0000 0.9998
Car -1 -1 -1.4287 1237.0000 81.7351 1237.0000 373.0000 2.3846 1.0471 0.8087 -23.0562 0.3866 -3.2986 0.0000 0.9999
Car -1 -1 -1.3562 1237.0000 117.3816 1237.0000 373.0000 2.5521 1.0686 0.9428 -24.5134 0.4305 -5.3420 0.0000 0.9995
Car -1 -1 -1.1541 1237.0000 217.8370 1237.0000 268.8132 0.5679 1.4388 1.0030 -22.0268 -0.5278 -9.7492 0.0000 0.7681
Car -1 -1 -0.8174 1237.0000 175.0602 1237.0000 261.4962 2.1971 2.2097 1.6109 -20.6494 0.1655 -19.3670 0.0000 0.9775
Car -1 -1 -0.5371 1005.1253 200.2616 1049.0810 222.1977 0.7273 1.4338 0.7246 -15.3403 -0.6896 -25.7630 0.0000 0.8600
Car -1 -1 0.2911 370.8573 194.0030 396.8120 230.6083 1.9132 0.9467 1.0999 11.4903 -0.6734 -38.3438 0.0000 0.9995
Car -1 -1 0.7155 0.0000 190.8129 3.5368 267.1012 1.9943 0.8024 0.9291 16.7553 -0.2533 -19.2798 0.0000 0.9997
Car -1 -1 1.4673 0.0000 0.0000 0.0000 76.3988 0.5410 2.1584 0.9443 -17.0507 -0.4159 1.7707 0.0000 0.6506
Car -1 -1 1.0076 0.0000 233.3839 0.0000 273.0272 0.5811 1.4391 0.9014 20.8040 -0.9988 -13.1352 0.0000 0.4848
Car -1 -1 1.4287 0.0000 281.4853 0.0000 373.0000 1.6333 0.9590 1.0827 24.2381 -0.5475 -3.4676 0.0000 0.9976
Car -1 -1 1.2005 0.0000 3.9152 0.0000 200.7749 2.1197 1.5163 0.9635 -21.8716 0.2089 8.4903 0.0000 0.9992
Car -1 -1 -0.8830 1237.0000 195.1155 1237.0000 244.6128 1.1524 1.0891 0.6726 -21.3837 -0.3415 -17.5705 0.0000 0.9969
Car -1 -1 -0.7250 1202.1361 167.1203 1237.0000 261.7523 2.8674 1.3073 0.9511 -19.8637 0.4376 -22.4221 0.0000 0.9997
Car -1 -1 0.9727 0.0000 204.5824 0.0000 282.9194 2.2122 0.7726 0.7868 30.6792 -0.6821 -20.9017 0.0000 0.9996
Car -1 -1 0.6541 34.0580 141.4616 68.0458 164.5044 0.8555 0.7097 0.7607 -21.1191 -0.6592 27.5463 0.0000 0.9935
Car -1 -1 -1.3893 1237.0000 224.2761 1237.0000 320.6723 0.5273 0.9687 0.6038 -26.4038 -0.3157 -4.8464 0.0000 0.4674
Car -1 -1 -0.5925 1064.2576 192.3508 1100.9527 217.8654 0.9544 0.6344 0.9767 -18.4827 -0.4176 -27.4585 0.0000 0.9967
Car -1 -1 -0.4918 950.7616 113.7118 1026.0303 161.8993 1.3863 1.5158 1.4908 11.8061 -0.6210 22.0387 0.0000 0.9871
Car -1 -1 0.8955 0.0000 134.0535 0.0000 170.3381 0.9311 0.6222 0.8377 -23.6382 -0.2979 18.9334 0.0000 0.9375
Car -1 -1 1.2889 0.0000 0.0000 0.0000 226.2053 2.0406 1.5864 1.1453 -21.5789 0.3411 6.2484 0.0000 0.9972
Car -1 -1 1.3892 0.0000 0.0000 0.0000 147.0243 0.6792 1.0750 0.6957 -21.3392 -0.2125 3.9176 0.0000 0.8380
Car -1 -1 -0.9703 1237.0000 185.0589 1237.0000 215.7730 0.6417 1.3062 1.0272 -23.0902 -0.0798 -15.8141 0.0000 0.4882
Car -1 -1 -1.3044 1237.0000 0.0000 1237.0000 132.0815 1.3536 1.7975 0.8872 21.6469 -0.4671 5.9079 0.0000 0.9372
Car -1 -1 -1.5328 1237.0000 373.0000 1237.0000 373.0000 0.5146 1.2659 0.9493 -21.3178 -0.5100 -0.8095 0.0000 0.4033
Car -1 -1 0.4127 273.7248 188.8492 295.3582 211.9840 1.0969 0.5757 0.7867 15.1177 -0.3541 -34.5308 0.0000 0.9696
Car -1 -1 -0.3516 852.5914 148.3260 879.1571 173.3108 0.8410 1.0282 0.5457 9.1819 -0.2902 25.0286 0.0000 0.9755
Car -1 -1 -1.2095 1237.0000 115.1691 1237.0000 294.4070 1.8805 1.6472 1.9127 -22.1272 0.6975 -8.3628 0.0000 0.9940
Car -1 -1 -1.2726 1237.0000 119.3722 1237.0000 373.0000 2.3483 2.0712 1.5778 -19.5229 0.4307 -6.0000 0.0000 0.9996
Car -1 -1 0.2245 366.0475 142.1456 500.1631 206.9078 0.9576 2.4532 1.6409 -2.7045 0.3770 11.8460 0.0000 0.5591
Car -1 -1 1.3768 0.0000 220.8921 0.0000 342.1133 0.6214 0.4805 0.5921 20.7689 -0.2353 -4.0812 0.0000 0.9898
Car -1 -1 -0.5713 1010.1663 162.4305 1125.6192 185.3569 0.4702 1.6582 1.4220 10.0018 0.0803 15.5597 0.0000 0.5193
Car -1 -1 -0.3800 866.7921 159.2561 912.4135 179.1407 0.6418 1.1690 1.0479 9.5482 -0.0794 23.9072 0.0000 0.7378
Car -1 -1 0.9119 0.0000 172.0414 0.0000 216.0061 0.8621 0.5850 0.6301 18.5706 0.1872 -14.3810 0.0000 0.9766
Car -1 -1 -1.2452 1237.0000 54.2169 1237.0000 179.1772 0.8346 1.0702 1.1494 15.8485 -0.0176 5.3502 0.0000 0.5267
Car -1 -1 -1.1957 1237.0000 111.6899 1237.0000 177.4140 0.5756 0.8999 0.8786 17.2559 -0.0399 6.7944 0.0000 0.4294
Car -1 -1 -0.6581 1120.0471 170.4864 1199.9213 188.1188 0.3516 1.1077 0.7913 11.4990 0.1332 14.8746 0.0000 0.5415
Car -1 -1 -0.0197 592.2892 164.7796 641.0923 187.5357 0.6891 0.5415 1.4778 0.4339 0.1839 22.0201 0.0000 0.6109
