Car -1 -1 0.4106 250.6440 91.6416 338.9468 186.6594 1.7719 2.4418 0.7309 -6.3876 0.2578 14.6737 0.0000 0.9714
Car -1 -1 1.1314 0.0000 237.5759 0.0000 337.0643 0.8320 1.8026 0.9067 17.2549 -0.8078 -8.1107 0.0000 0.4779
Car -1 -1 -0.5415 998.0976 97.0821 1097.5802 168.6568 1.6180 1.2836 1.5680 10.2388 -0.1024 17.0247 0.0000 0.9356
Car -1 -1 0.4581 240.7395 89.5545 273.3087 190.1183 1.7452 0.3334 0.4098 -6.2554 0.3000 12.6855 0.0000 0.9999
Car -1 -1 -0.9431 1241.0000 83.9919 1241.0000 138.7743 0.9360 0.5346 0.3569 17.8120 -0.6229 12.9247 0.0000 0.9998
Car -1 -1 -0.9112 1241.0000 94.0020 1241.0000 140.5460 1.0170 1.1495 1.0786 22.0962 -0.7928 17.1351 0.0000 0.3450
Car -1 -1 0.3608 315.6470 113.9925 360.6859 179.1233 1.9653 2.1957 0.6017 -8.6277 0.1895 22.8673 0.0000 0.9999
Car -1 -1 0.7253 0.0000 113.7060 0.0000 161.1506 0.8026 0.1894 0.1344 -10.9422 -0.2014 12.3439 0.0000 0.9998
Car -1 -1 1.4455 0.0000 0.0000 0.0000 106.3979 1.1719 1.0010 0.6470 -32.6101 -0.4243 4.1078 0.0000 0.9922
Car -1 -1 -1.4496 1241.0000 270.4612 1241.0000 374.0000 0.6270 0.6160 0.7021 -35.2446 -0.6218 -4.2941 0.0000 0.8738
Car -1 -1 0.8039 0.0000 113.5969 0.0000 152.6803 0.5563 0.3721 0.2862 -11.0484 -0.3026 10.6463 0.0000 0.9999
Car -1 -1 -1.0324 1241.0000 64.7600 1241.0000 144.8603 1.5527 0.4541 0.4272 24.0600 -0.5660 14.3692 0.0000 0.9999
Car -1 -1 -0.3311 843.8174 120.9098 874.8379 167.5247 1.7688 0.7308 0.9434 9.5651 -0.2079 27.8247 0.0000 0.9999
Car -1 -1 1.2976 0.0000 86.9297 0.0000 137.1315 0.6225 0.5199 0.6822 -34.1735 -0.4867 9.5745 0.0000 0.8663
Car -1 -1 -1.5016 1241.0000 186.4862 1241.0000 374.0000 1.6704 0.9909 0.7976 -34.2855 -0.0538 -2.3755 0.0000 0.9997
Car -1 -1 -0.9786 1241.0000 92.9613 1241.0000 149.7457 1.3277 0.9530 1.1510 26.3580 -0.5829 17.7323 0.0000 0.9977
Car -1 -1 1.4105 0.0000 0.0000 0.0000 157.4376 1.0156 1.1729 0.9403 -32.4281 -0.1242 5.2427 0.0000 0.9864
Car -1 -1 -1.0174 1241.0000 106.0800 1241.0000 141.6607 0.7488 0.6734 0.6018 26.0752 -0.7107 16.1085 0.0000 0.9968
Car -1 -1 1.3316 0.0000 110.4292 0.0000 165.4361 0.5580 0.7450 0.5669 -31.9340 -0.0836 7.7891 0.0000 0.6673
Car -1 -1 -1.2036 1241.0000 165.7812 1241.0000 255.0241 1.4053 1.6388 0.9659 -31.6783 0.1117 -12.1838 0.0000 0.9329
Car -1 -1 -0.5933 1060.6251 135.7955 1138.6450 174.7869 1.0036 1.2613 1.2197 12.9485 0.0501 19.1997 0.0000 0.6595
Car -1 -1 -1.2811 1241.0000 160.8067 1241.0000 206.5178 0.6036 0.7857 0.5858 -33.2864 0.1594 -9.9230 0.0000 0.8592
Car -1 -1 -0.3794 876.7746 152.3191 921.8593 180.3936 0.9152 0.7059 1.2084 9.5171 0.2462 23.8727 0.0000 0.9044
Car -1 -1 1.0463 0.0000 81.1116 0.0000 162.4541 1.0152 0.2295 0.6757 -15.8112 -0.1332 9.1467 0.0000 0.9920
Car -1 -1 1.1802 0.0000 161.6434 0.0000 236.5493 1.2843 1.2999 0.9645 -31.6151 1.0925 13.0187 0.0000 0.9819
Car -1 -1 -1.2868 1241.0000 85.8324 1241.0000 186.2582 1.2170 1.5329 1.0208 -32.5912 1.0550 -9.5133 0.0000 0.9681
Car -1 -1 -1.0285 1241.0000 132.3397 1241.0000 184.7141 1.3482 1.0285 0.6865 -31.6827 1.0433 -19.0911 0.0000 0.9886
Car -1 -1 -1.1297 1241.0000 125.9643 1241.0000 157.3695 0.6392 0.7115 0.7568 -32.6093 0.9775 -15.3949 0.0000 0.6030
Car -1 -1 1.4982 0.0000 0.0000 0.0000 50.6903 0.8137 2.6743 1.4801 -33.3098 -0.6365 2.4215 0.0000 0.6447
Car -1 -1 1.5241 0.0000 274.5465 0.0000 374.0000 0.9725 2.7009 1.1778 -31.2621 1.3693 1.4597 0.0000 0.6817
Car -1 -1 -0.4523 937.6438 134.2872 977.9475 183.9862 1.0209 0.6305 0.5412 -7.3564 0.7926 -15.1393 0.0000 0.9984
Car -1 -1 -1.1476 1241.0000 86.3881 1241.0000 113.2420 0.4416 0.8799 0.5556 -31.6641 1.6564 -14.2616 0.0000 0.6531
