Car -1 -1 0.5377 156.1300 186.6864 196.0226 267.9515 1.6371 0.3987 0.5789 8.8280 -0.2872 -14.8058 0.0000 0.9997
Car -1 -1 0.7341 0.0000 196.9864 23.9264 268.7622 1.8686 2.3383 1.9846 18.7144 -0.7324 -20.7421 0.0000 0.3626
Car -1 -1 1.1597 0.0000 173.1861 0.0000 374.0000 1.4422 0.9542 1.2440 8.8789 -0.0016 -3.8702 0.0000 0.9993
Car -1 -1 -1.4583 1241.0000 0.0000 1241.0000 243.3446 1.4649 0.9164 2.1682 8.8759 0.0539 1.0031 0.0000 0.5188
Car -1 -1 1.1033 0.0000 51.8204 0.0000 152.6549 0.7277 0.3100 0.2968 -10.7399 -0.1558 5.4213 0.0000 0.9998
Car -1 -1 -1.0395 1241.0000 0.0000 1241.0000 173.0547 1.4290 0.1666 0.5714 9.5314 0.0019 5.6010 0.0000 0.9994
Car -1 -1 -0.9188 1241.0000 16.3903 1241.0000 178.8247 1.4722 0.2718 0.2720 8.7420 0.0545 6.6729 0.0000 0.9997
Car -1 -1 -0.7921 1241.0000 82.1712 1241.0000 163.4163 1.6820 1.7359 2.3762 16.2214 -0.2204 16.0045 0.0000 0.8437
Car -1 -1 -0.6403 1137.9457 76.1916 1163.5293 176.0107 1.6192 0.2051 0.2648 8.7940 0.0516 11.8043 0.0000 0.9999
Car -1 -1 -0.4557 935.6591 116.7647 994.6079 166.6261 1.9471 1.0192 1.8517 14.1185 -0.2527 28.8105 0.0000 0.9944
Car -1 -1 1.1909 0.0000 0.0000 0.0000 181.1625 1.1321 0.9655 0.9628 -10.5718 0.0434 4.2217 0.0000 0.9585
Car -1 -1 -0.3680 876.0077 200.5572 896.1773 227.5589 0.7301 1.3107 0.0989 -8.2945 -0.8507 -21.5128 0.0000 0.8628
Car -1 -1 -1.4629 1241.0000 0.0000 1241.0000 0.0000 0.5666 0.8540 0.3599 29.7244 -1.2921 3.2198 0.0000 0.9034
Car -1 -1 -1.3792 1241.0000 0.0000 1241.0000 89.0790 1.6546 1.3655 1.5266 29.1076 -0.7347 5.6454 0.0000 0.7829
Car -1 -1 -1.3027 1241.0000 0.0000 1241.0000 153.6636 1.3991 2.4344 1.4517 15.6636 -0.1465 4.3028 0.0000 0.9049
Car -1 -1 -0.3431 856.2879 195.9270 875.1447 230.4011 1.0420 1.2137 0.1761 -8.2979 -0.7618 -23.2298 0.0000 0.9930
Car -1 -1 -1.3085 1241.0000 0.0000 1241.0000 114.5582 1.2435 1.3137 1.3712 17.8523 -0.4402 4.7934 0.0000 0.3997
Car -1 -1 -1.0790 1241.0000 24.6986 1241.0000 162.2877 1.4677 1.9786 1.7238 16.4911 -0.1436 8.8351 0.0000 0.4060
Car -1 -1 -0.6696 1153.8204 92.9349 1213.3715 167.8785 1.7456 0.5579 0.9693 13.5503 -0.1196 17.1191 0.0000 0.9999
Car -1 -1 0.2441 417.5483 197.1128 439.5233 219.0587 1.0860 0.5668 0.9730 9.1225 -1.2403 -36.6197 0.0000 0.8972
Car -1 -1 -0.6261 1122.5873 104.0494 1145.5475 159.2473 1.2231 0.3297 0.2769 11.7385 -0.3089 16.2312 0.0000 0.9999
Car -1 -1 -0.6065 1090.4095 98.7820 1135.7640 167.4735 1.7862 1.4727 0.2052 13.6048 -0.1514 19.6114 0.0000 0.9989
Car -1 -1 0.8484 0.0000 196.9425 0.0000 231.9886 1.1474 1.7093 0.9551 29.1096 -0.8846 -25.6561 0.0000 0.8424
Car -1 -1 -1.0365 1241.0000 180.9707 1241.0000 340.8069 1.1884 1.5828 0.8802 -10.5456 -0.0787 -6.2394 0.0000 0.9204
Car -1 -1 0.4547 245.3654 195.4784 265.3554 209.6214 0.6062 0.7510 0.5318 15.8903 -1.0306 -32.5053 0.0000 0.9842
Car -1 -1 -0.7590 1227.8681 70.1571 1241.0000 211.5373 1.1659 0.8458 0.5572 6.0427 0.3194 6.3706 0.0000 0.9998
Car -1 -1 -0.4267 905.6141 130.4868 975.0198 179.5555 1.3811 0.8675 1.5976 9.4276 0.1890 20.7393 0.0000 0.8016
Car -1 -1 -0.3780 881.6440 158.7463 913.6513 178.1070 0.8392 0.7810 1.0928 12.5744 0.2280 31.6624 0.0000 0.8934
Car -1 -1 -0.8261 1241.0000 183.9099 1241.0000 288.4906 1.2505 1.9682 0.6627 -10.6569 -0.1652 -9.8227 0.0000 0.8240
Car -1 -1 1.2185 0.0000 172.3930 0.0000 268.8109 0.7738 0.7420 0.9586 16.7651 0.0041 -6.1642 0.0000 0.8335
Car -1 -1 -0.6615 1123.0398 189.4541 1218.4474 255.6645 1.1508 1.4567 0.6699 -10.6163 -0.3301 -13.6375 0.0000 0.9700
Car -1 -1 -1.3120 1241.0000 70.1320 1241.0000 187.7664 0.4270 0.5060 0.2690 -10.8570 0.3732 -2.8748 0.0000 0.7445
Car -1 -1 -0.3757 876.2950 188.1887 917.0555 199.7569 0.3171 1.2821 0.7393 8.7231 0.8011 22.1148 0.0000 0.7083
Car -1 -1 0.8265 0.0000 132.8136 0.0000 164.9879 1.1534 1.0292 1.0279 28.9198 1.4498 -26.6361 0.0000 0.8720
Car -1 -1 1.3379 0.0000 293.5759 0.0000 336.1703 0.0673 0.4415 0.0334 -10.9996 0.5415 2.6087 0.0000 0.4590
Car -1 -1 0.8791 0.0000 130.1222 0.0000 153.1863 0.6947 1.2625 0.7593 28.3034 1.3512 -23.4429 0.0000 0.4053
Car -1 -1 1.3929 0.0000 0.0000 0.0000 98.5501 0.8954 0.9802 0.8528 29.2555 1.4876 -5.2597 0.0000 0.9204
Car -1 -1 -1.3760 1241.0000 264.1659 1241.0000 374.0000 0.8684 2.0717 0.8752 28.2873 1.7065 5.5807 0.0000 0.5542
Car -1 -1 0.6890 0.0000 133.2149 91.3388 152.2003 0.2126 1.6303 1.2020 8.7890 0.5417 -10.6713 0.0000 0.5199
Car -1 -1 1.4152 0.0000 0.0000 0.0000 15.7622 0.6722 0.5435 0.7075 28.8807 1.7173 -4.5299 0.0000 0.9624
Car -1 -1 0.4456 205.0451 187.0408 316.4515 257.5514 1.8613 1.4201 2.4080 9.5743 -0.4077 -20.0451 0.0000 0.9962
Car -1 -1 1.4173 0.0000 0.0000 0.0000 0.0000 0.3988 0.3432 0.4595 28.5268 2.3987 -4.4142 0.0000 0.9313
Car -1 -1 1.2438 0.0000 0.0000 0.0000 33.4030 0.5872 0.8942 0.3742 28.0499 2.5119 -9.5123 0.0000 0.6693
