Car -1 -1 0.2753 383.1363 111.1618 415.4015 177.6378 1.6868 1.2052 0.5115 -5.3378 -0.1037 18.8972 0.0000 0.9994
Car -1 -1 0.3292 323.5750 96.9650 386.7429 179.3637 1.6449 2.5539 0.5072 -5.3576 -0.0492 15.6804 0.0000 0.9525
Car -1 -1 -0.8902 1237.0000 179.5246 1237.0000 275.1289 1.3792 0.1655 0.4963 -12.9059 0.0302 -10.4483 0.0000 0.9999
Car -1 -1 -0.8268 1237.0000 155.7747 1237.0000 332.3752 1.3156 0.3141 1.1818 -5.9873 0.1932 -5.5111 0.0000 0.9834
Car -1 -1 -0.7023 1016.2922 163.0865 1237.0000 320.8186 1.3940 2.8951 2.3752 -6.5993 0.1643 -7.7988 0.0000 0.4038
Car -1 -1 -0.5202 948.9810 171.3050 1080.6468 284.7108 1.4594 2.1982 0.6277 -5.9264 0.1328 -10.3461 0.0000 0.9636
Car -1 -1 -0.4406 906.3034 174.9960 967.7268 265.0542 1.5001 1.0757 0.5651 -5.8961 0.1100 -12.5060 0.0000 0.9998
Car -1 -1 -0.3849 846.8710 178.0602 938.6041 262.5792 1.6041 2.7216 0.8071 -6.0752 0.0670 -14.9968 0.0000 0.9468
Car -1 -1 -0.2378 746.8030 181.9985 799.4531 240.6997 1.8419 0.8087 1.4877 -5.5639 -0.0143 -22.9533 0.0000 0.9905
Car -1 -1 0.4049 239.3146 83.0866 341.5390 182.5217 1.5477 2.7501 0.6001 -5.3799 0.0172 12.5535 0.0000 0.8935
Car -1 -1 0.2887 345.4973 181.9568 420.5196 255.7758 2.0959 2.3268 1.5489 6.4078 -0.0126 -21.5755 0.0000 0.5768
Car -1 -1 0.4851 197.4593 198.2731 239.0324 252.9044 1.0104 0.3590 0.5947 7.1570 -0.3195 -13.5782 0.0000 0.9978
Car -1 -1 0.5290 156.2879 193.8314 200.4769 249.3016 1.6782 0.1967 1.2301 12.7884 -0.3753 -21.8777 0.0000 0.9718
Car -1 -1 0.5735 94.8965 188.0336 168.5213 272.1564 1.3771 0.7285 0.7730 7.8684 -0.1124 -12.1825 0.0000 0.9992
Car -1 -1 0.6671 0.0000 171.4483 85.2824 311.9156 1.7676 1.7086 0.2924 7.7937 0.1281 -9.8964 0.0000 0.9998
Car -1 -1 0.7078 0.0000 174.0485 45.3841 310.9727 1.9054 2.1233 0.3204 9.4642 0.1054 -11.0604 0.0000 0.9986
Car -1 -1 0.7972 0.0000 171.7317 0.0000 318.6497 1.8174 0.5161 0.2282 9.3645 0.1225 -9.1463 0.0000 0.9999
Car -1 -1 -1.2292 1237.0000 0.0000 1237.0000 175.1639 1.3678 1.7682 1.3330 9.6528 -0.0367 3.4320 0.0000 0.6167
Car -1 -1 -0.7934 1237.0000 79.3222 1237.0000 156.3946 1.1432 0.3010 0.2498 11.0776 -0.3850 10.9011 0.0000 0.9999
Car -1 -1 -0.6221 1100.4595 75.9584 1138.2236 174.5337 1.5060 0.1459 0.4759 7.9269 -0.1066 11.0552 0.0000 0.9998
Car -1 -1 -0.5832 1056.8128 84.6536 1098.1961 175.6645 1.7831 0.4294 0.5395 9.4425 -0.1168 14.3131 0.0000 0.9998
Car -1 -1 -0.5793 992.7478 52.1692 1167.9083 187.3312 1.7151 1.2692 1.5294 6.3769 0.0753 9.7471 0.0000 0.9925
Car -1 -1 -0.6205 985.4631 0.0000 1237.0000 217.7267 1.4322 0.9519 1.2365 3.2611 0.2077 4.5631 0.0000 0.9993
Car -1 -1 -0.4644 903.4197 62.0090 1038.8375 183.8408 1.7920 2.5834 0.9020 5.9383 0.0357 11.8551 0.0000 0.9637
Car -1 -1 -0.3855 868.8460 87.0507 922.7164 180.8347 1.8539 1.0984 0.6550 5.9880 -0.0129 14.7545 0.0000 0.9998
Car -1 -1 -0.3328 831.9748 96.9003 871.5981 178.5413 1.8811 1.1256 0.5523 5.9284 -0.0718 17.1521 0.0000 0.9995
Car -1 -1 -0.2901 786.7336 103.1497 849.2379 175.6401 1.8653 1.1477 1.3187 5.7163 -0.1597 19.1479 0.0000 0.9983
Car -1 -1 -0.2515 765.2203 109.7307 809.3879 174.8445 1.9390 0.7846 1.1402 5.6173 -0.2051 21.8613 0.0000 0.9998
Car -1 -1 -0.2284 758.3169 132.9594 779.9361 156.7002 0.8490 0.6293 0.6545 6.1979 -0.9302 26.6572 0.0000 0.9685
Car -1 -1 0.5973 91.2658 204.7953 127.8776 242.4353 1.1104 0.4967 0.7689 14.7924 -0.7114 -21.7488 0.0000 0.9912
Car -1 -1 0.6145 65.4972 174.6803 112.1987 291.9758 1.7661 0.5930 0.3001 7.8441 0.1044 -11.1152 0.0000 0.9996
Car -1 -1 1.3839 0.0000 149.9918 0.0000 373.0000 1.7892 0.6777 1.3303 13.7280 0.1004 -2.5959 0.0000 0.9988
Car -1 -1 -1.2974 1237.0000 211.2628 1237.0000 334.9633 0.6890 0.6331 0.7331 -15.9504 -0.1968 -4.4727 0.0000 0.6683
Car -1 -1 -0.8771 1237.0000 169.5880 1237.0000 298.9325 1.3572 0.3799 0.3508 -9.2948 0.1266 -7.7299 0.0000 0.9999
Car -1 -1 -0.4106 903.6635 196.1197 917.2841 233.6680 0.8069 0.1694 0.2224 -6.7877 -0.3172 -15.5902 0.0000 0.9999
Car -1 -1 0.1977 450.7081 161.0796 464.6537 174.5687 0.6530 0.3391 0.6144 -7.0348 -0.3396 35.1152 0.0000 0.8790
Car -1 -1 -1.2896 1237.0000 164.7600 1237.0000 263.5430 0.4861 0.5156 0.3907 -13.1399 0.0839 -3.7951 0.0000 0.6661
Car -1 -1 -0.1834 726.7122 186.8172 737.9196 203.9411 0.7297 0.6361 0.3688 -5.7739 -0.2307 -31.1295 0.0000 0.9996
Car -1 -1 0.6793 12.2311 130.1707 35.0030 181.7807 0.9220 0.3629 0.1211 -10.5060 0.0063 13.0111 0.0000 0.9999
Car -1 -1 0.1549 469.0719 156.9384 511.2811 194.2433 0.9323 0.7252 0.9649 -2.8590 0.3196 18.3115 0.0000 0.9137
Car -1 -1 -0.2205 745.7260 172.6546 774.0208 203.3904 1.0198 0.6773 0.8017 -5.4196 0.2954 -24.1741 0.0000 0.9987
Car -1 -1 0.6304 47.1458 169.6985 98.7015 228.9368 1.4227 1.1468 0.4373 13.0085 0.2852 -17.8278 0.0000 0.9994
Car -1 -1 -0.2280 758.7755 157.1843 779.4286 175.7561 0.5757 0.5868 0.5160 5.2771 -0.1831 22.7381 0.0000 0.9432
Car -1 -1 -0.0075 600.7311 163.8373 614.3137 190.6866 0.9250 0.4306 0.4677 0.1861 0.3176 24.9608 0.0000 0.9996
Car -1 -1 0.2016 422.6237 155.2473 490.3743 209.8707 0.8042 0.6958 0.8909 -2.2314 0.4190 10.9205 0.0000 0.4820
Car -1 -1 0.2287 419.7947 162.7439 442.4694 185.2780 0.7268 0.8525 0.5440 5.4933 0.6069 -23.5988 0.0000 0.4683
Car -1 -1 -1.4200 1237.0000 304.7223 1237.0000 373.0000 0.3518 0.4353 0.1953 -18.6899 -0.5226 -2.8403 0.0000 0.9582
Car -1 -1 -1.2493 1237.0000 119.7063 1237.0000 221.4023 0.5923 0.1900 0.3382 12.8412 0.2338 4.2763 0.0000 0.9816
Car -1 -1 -0.1335 684.9816 175.7010 713.5819 199.6480 0.6533 0.8514 0.6800 2.6882 0.4963 20.0199 0.0000 0.7041
Car -1 -1 -0.2113 738.7648 153.3751 764.9643 180.9578 0.5847 0.3158 0.4948 -3.3027 0.5982 -15.3952 0.0000 0.9994
Car -1 -1 -1.2992 1237.0000 90.9956 1237.0000 278.0664 0.9065 0.3011 0.1000 13.0312 0.4693 3.6286 0.0000 0.9999
Car -1 -1 0.0618 544.1285 159.2564 563.6141 172.8458 0.4064 0.3116 0.5722 1.3522 0.6732 -21.8397 0.0000 0.9554
Car -1 -1 -0.8816 1237.0000 114.0745 1237.0000 158.3153 0.3944 0.3369 0.3260 -8.1927 0.6192 -6.7510 0.0000 0.8706
Car -1 -1 0.2162 423.5767 147.5388 453.4342 199.4820 0.8443 0.8951 0.3022 2.6631 0.5537 -12.1263 0.0000 0.9997
Car -1 -1 -1.3908 1237.0000 104.2721 1237.0000 373.0000 1.2714 0.4422 0.4186 -9.0782 0.1551 -1.6520 0.0000 0.9999
Car -1 -1 -1.3492 1237.0000 0.0000 1237.0000 267.8725 0.7886 0.3280 0.9173 8.6010 0.2150 1.9377 0.0000 0.6687
Car -1 -1 0.5615 78.4604 112.0972 198.1581 158.2466 0.4584 1.4769 0.4861 5.4229 0.7630 -8.6214 0.0000 0.5947
Car -1 -1 -0.4549 918.9719 193.5126 999.6870 246.2168 0.4919 0.5965 0.5041 3.4905 0.6176 7.1359 0.0000 0.9470
Car -1 -1 -0.5813 1028.6451 191.4810 1136.5686 271.0390 0.5634 0.5080 0.4710 3.5491 0.6434 5.4017 0.0000 0.9966
Car -1 -1 -0.3253 789.6064 231.6825 914.6187 254.5100 0.1672 1.2635 1.0664 2.9240 0.8185 8.6690 0.0000 0.6105
Car -1 -1 -0.4404 854.7048 230.3541 1059.0955 281.6455 0.2995 1.3369 1.0825 2.8907 0.7637 6.1338 0.0000 0.4945
Car -1 -1 -0.3499 830.1644 78.3194 891.8811 94.2892 0.1420 1.3351 0.7484 -5.2372 1.9668 -14.3511 0.0000 0.6360
