Car -1 -1 0.3470 336.3809 115.2793 364.1598 181.1379 2.1901 0.5043 0.7522 -8.7680 0.2758 24.2433 0.0000 0.9998
Car -1 -1 -0.7448 1241.0000 46.1387 1241.0000 169.0189 1.0992 0.1486 0.1605 6.0212 -0.0348 6.5305 0.0000 0.9998
Car -1 -1 0.3799 293.7855 108.6541 351.7427 185.9573 2.4268 0.9969 1.4633 -9.2414 0.4117 23.1473 0.0000 0.9998
Car -1 -1 -0.0365 625.2549 203.6237 643.2648 221.0589 0.6173 0.1483 0.6409 -0.9449 -1.1065 -25.8832 0.0000 0.9315
Car -1 -1 -0.1790 730.9270 202.2196 747.1035 216.6620 0.7023 0.5368 0.7209 -6.5964 -1.4940 -36.4519 0.0000 0.8786
Car -1 -1 -0.2090 757.0573 136.2562 771.5449 155.0133 0.6627 0.8003 0.3635 5.6524 -0.6686 26.6513 0.0000 0.9754
Car -1 -1 0.3658 327.6866 137.4759 342.0886 170.1505 1.1368 0.2618 0.4045 -9.6726 -0.0948 25.2525 0.0000 0.9999
Car -1 -1 -0.2245 762.5229 134.2119 790.2642 172.3690 1.3190 1.3779 0.6675 5.8571 -0.0173 25.6447 0.0000 0.9953
Car -1 -1 -0.8161 1241.0000 177.8854 1241.0000 203.7988 0.9096 0.6822 0.9187 -27.4353 -0.1819 -25.8028 0.0000 0.9904
Car -1 -1 0.2926 386.8907 156.3810 400.0790 180.4570 1.0224 0.8509 0.3130 -9.3591 0.3232 31.0633 0.0000 0.9970
Car -1 -1 0.6270 52.0495 108.7286 123.8596 185.7725 2.7233 0.8526 1.9644 -18.7843 0.4570 25.9281 0.0000 0.9902
Car -1 -1 0.3177 366.1086 153.7488 381.4020 182.0571 1.0919 0.7505 0.3526 -9.2740 0.3553 28.2038 0.0000 0.9998
Car -1 -1 -0.1756 726.7434 185.3151 746.1707 198.9923 0.6612 0.7452 0.8365 -6.3747 -0.6267 -35.9374 0.0000 0.9544
Car -1 -1 -0.2983 812.2384 173.0934 848.6688 199.6912 1.2524 0.9031 1.4622 -10.5906 -0.0112 -34.4382 0.0000 0.9446
Car -1 -1 -0.2131 713.4175 165.2442 837.1380 209.5987 0.7063 2.5893 1.5973 2.7652 0.5854 12.7809 0.0000 0.5030
Car -1 -1 0.6316 58.9166 212.6738 107.9002 231.2376 0.4755 0.8235 0.8022 -15.1126 1.6389 20.6590 0.0000 0.3520
Car -1 -1 0.7389 0.0000 228.9450 0.0000 260.5066 0.4873 0.8863 0.4169 -11.9858 1.5449 13.1548 0.0000 0.7996
Car -1 -1 1.1273 0.0000 33.7208 0.0000 67.1533 0.0090 1.7309 0.6673 13.7560 1.0932 -6.5354 0.0000 0.5293
Car -1 -1 1.1218 0.0000 27.2660 0.0000 60.1047 0.0153 1.5179 0.6573 13.0974 1.1199 -6.3101 0.0000 0.5155
Car -1 -1 -1.2177 1241.0000 237.2255 1241.0000 288.4365 0.2809 2.0103 1.1480 -20.3299 -0.7576 -7.4931 0.0000 0.5906
Car -1 -1 1.1193 0.0000 18.7441 0.0000 53.1853 0.0215 1.4047 0.7614 12.4465 1.1389 -6.0356 0.0000 0.4885
Car -1 -1 0.5743 73.1336 0.0000 190.1206 28.5019 0.0434 1.0251 0.4097 4.3462 1.4896 -6.7173 0.0000 0.5780
