Car -1 -1 1.1774 0.0000 92.2189 0.0000 136.7553 0.5560 1.6278 1.0271 -26.8349 -0.5977 11.1382 0.0000 0.4831
Car -1 -1 1.3904 0.0000 0.0000 0.0000 127.3634 1.0760 1.6131 0.8902 -29.7197 -0.3924 5.4207 0.0000 0.9005
Car -1 -1 -1.2347 1241.0000 236.2412 1241.0000 267.1264 0.3887 0.8079 0.4131 -31.9034 -1.0140 -11.1454 0.0000 0.8114
Car -1 -1 -1.1826 1241.0000 187.9192 1241.0000 304.5791 1.8674 2.1864 0.9490 -31.6097 -0.2923 -12.9280 0.0000 0.9936
Car -1 -1 0.3469 334.7911 202.9186 358.9343 230.9250 0.9698 0.5766 0.6565 9.3627 -1.0906 -25.8965 0.0000 0.9844
Car -1 -1 0.4066 269.2572 199.4855 322.8006 240.8058 1.2206 1.6173 1.0163 9.9761 -0.8845 -23.1679 0.0000 0.9008
Car -1 -1 0.4324 245.0456 186.8156 301.7561 257.9570 2.0165 1.6156 0.9432 9.9610 -0.4328 -21.5797 0.0000 0.9968
Car -1 -1 -1.1255 1241.0000 14.4695 1241.0000 129.1802 0.9316 0.7796 0.9078 13.7112 -0.4195 6.5436 0.0000 0.4184
Car -1 -1 -1.2133 1241.0000 0.0000 1241.0000 137.5737 1.0507 1.9490 1.2502 11.4828 -0.2571 4.2888 0.0000 0.8396
Car -1 -1 -0.3712 867.4489 120.8048 919.1378 160.6056 1.0933 1.3162 0.9784 8.1283 -0.3653 20.8798 0.0000 0.9604
Car -1 -1 0.8655 0.0000 120.7955 0.0000 176.4745 1.5974 0.9616 1.1623 -24.8767 0.1042 21.1782 0.0000 0.9141
Car -1 -1 1.2367 0.0000 106.0681 0.0000 153.4224 0.5788 0.8609 0.6336 -27.6621 -0.2699 9.6005 0.0000 0.4136
Car -1 -1 0.5841 89.3990 184.2149 165.5876 282.2765 1.7067 1.2172 0.5919 8.7988 -0.2188 -13.3101 0.0000 0.9991
Car -1 -1 -0.4695 939.7316 129.2846 1019.0031 162.6505 0.8210 1.4330 1.3429 9.5918 -0.2772 18.9055 0.0000 0.4503
Car -1 -1 -0.3152 834.8583 139.4772 858.2747 159.1997 0.7390 0.9101 0.6137 9.1701 -0.5404 28.1191 0.0000 0.5423
Car -1 -1 1.3469 0.0000 51.7185 0.0000 161.1266 0.9673 1.0007 0.8176 -30.6669 -0.1213 6.9841 0.0000 0.9872
Car -1 -1 0.7286 0.0000 196.2820 32.5012 255.3389 1.0040 1.6611 1.3442 12.2778 -0.4733 -13.7585 0.0000 0.4906
Car -1 -1 -0.3538 867.2015 140.7534 888.9510 160.6499 0.6077 0.7482 0.4109 8.4455 -0.3928 22.8674 0.0000 0.8642
Car -1 -1 -0.3435 853.8484 138.8377 885.7029 163.8089 0.7911 1.1780 0.6292 8.5371 -0.3063 23.8712 0.0000 0.9939
Car -1 -1 1.1679 0.0000 130.1342 0.0000 174.9129 0.7180 1.2422 0.9747 -28.5932 0.0334 12.1881 0.0000 0.5946
Car -1 -1 0.6808 0.0000 187.5363 116.3243 290.7117 1.6824 2.5642 1.7609 10.8657 -0.2987 -13.4153 0.0000 0.5796
Car -1 -1 1.3172 0.0000 103.2854 0.0000 172.6091 0.7030 0.4382 0.7413 -29.0722 -0.0023 7.5346 0.0000 0.6875
Car -1 -1 0.3325 342.6596 183.3910 374.5890 219.9669 1.4334 0.9680 0.9484 10.0290 -0.4308 -29.0431 0.0000 0.9919
Car -1 -1 0.8032 0.0000 139.4537 0.0000 199.2524 1.9574 1.6947 1.6143 -25.3523 0.8645 24.4631 0.0000 0.9881
Car -1 -1 -1.2563 1241.0000 171.8329 1241.0000 230.0755 0.8106 0.7479 0.6184 -32.0269 0.0146 -10.4193 0.0000 0.9805
Car -1 -1 0.2874 378.0873 176.0670 411.2430 217.8812 1.8097 1.0930 1.1384 9.4158 -0.1439 -31.8607 0.0000 0.9984
Car -1 -1 0.3800 296.8263 177.6728 341.5989 221.3215 1.5938 1.3355 1.1480 10.8495 -0.1855 -27.1650 0.0000 0.9785
Car -1 -1 0.8033 0.0000 197.6612 0.0000 233.1709 0.5846 0.8981 0.3809 13.4311 -0.4605 -12.9585 0.0000 0.4202
Car -1 -1 0.4519 231.9799 177.9984 281.1633 216.4241 1.0274 0.7874 0.9638 9.6088 -0.1436 -19.7938 0.0000 0.5927
Car -1 -1 -1.2511 1241.0000 66.0367 1241.0000 247.0195 2.2634 2.1991 1.5395 -30.5905 1.3362 -10.1259 0.0000 0.9950
Car -1 -1 -1.2042 1241.0000 128.5821 1241.0000 166.2580 0.6380 0.7411 0.4346 -33.1324 0.7580 -12.7214 0.0000 0.9855
Car -1 -1 0.7938 0.0000 180.6785 0.0000 226.6360 0.7528 0.5998 0.6428 12.4304 -0.1354 -12.2237 0.0000 0.8833
Car -1 -1 0.8789 0.0000 185.8938 0.0000 221.3985 0.9967 0.8247 0.5394 -25.3101 1.3835 20.9682 0.0000 0.9994
Car -1 -1 0.3554 334.7974 166.5180 345.2978 194.2703 0.9855 0.2161 0.2937 9.5502 0.2254 -25.7328 0.0000 0.9997
Car -1 -1 -1.0413 1241.0000 135.0501 1241.0000 161.6896 0.6488 0.8371 0.5921 -31.3484 0.9394 -18.3447 0.0000 0.7033
Car -1 -1 0.8346 0.0000 204.7300 0.0000 225.4494 0.6116 0.7858 0.8159 -25.2720 1.6411 22.8989 0.0000 0.6698
Car -1 -1 0.8578 0.0000 195.1578 0.0000 223.2714 0.8211 0.6827 0.5660 -25.3909 1.5108 21.9548 0.0000 0.9956
Car -1 -1 0.9447 0.0000 192.0297 0.0000 233.3034 1.0099 1.0888 0.9915 -25.8651 1.5219 18.7028 0.0000 0.4777
Car -1 -1 -1.3146 1241.0000 0.0000 1241.0000 106.9102 0.9475 0.6389 0.7356 11.5016 -0.3044 3.0125 0.0000 0.9840
Car -1 -1 -1.1612 1241.0000 101.2731 1241.0000 136.8603 0.6225 0.7410 0.6743 -31.6545 1.3268 -13.7443 0.0000 0.9121
Car -1 -1 -1.1124 1241.0000 100.1090 1241.0000 177.9880 1.2875 0.2780 0.6170 -24.4633 1.2030 -12.0707 0.0000 0.9994
Car -1 -1 -1.2017 1241.0000 85.8658 1241.0000 113.4167 0.4082 0.7191 0.5457 -32.5876 1.4763 -12.6049 0.0000 0.3986
Car -1 -1 -1.0774 1241.0000 109.4809 1241.0000 149.4603 0.8647 0.9571 0.7796 -30.9595 1.4202 -16.6470 0.0000 0.7959
Car -1 -1 -1.0526 1241.0000 99.8716 1241.0000 127.6551 0.6356 0.7046 0.5212 -31.5794 1.7859 -18.0077 0.0000 0.9032
Car -1 -1 -1.1909 1241.0000 41.3836 1241.0000 114.6952 1.0134 1.7442 0.8283 -30.6399 2.0699 -12.2329 0.0000 0.6102
Car -1 -1 -1.0918 1241.0000 79.3507 1241.0000 118.3835 0.8111 0.6871 0.7506 -31.3844 2.0676 -16.2985 0.0000 0.7871
Car -1 -1 -1.0735 1241.0000 67.8477 1241.0000 101.1778 0.6488 1.0140 0.6654 -30.8353 2.3619 -16.7366 0.0000 0.7414
Car -1 -1 -1.0105 1241.0000 87.9856 1241.0000 114.6155 0.6605 0.7792 0.4407 -31.8630 2.3056 -19.9913 0.0000 0.9986
Car -1 -1 -0.5129 980.6636 97.8321 1059.9179 163.2076 1.1548 0.8211 0.9910 7.4756 -0.1826 13.2745 0.0000 0.9897
Car -1 -1 -1.2790 1241.0000 104.2105 1241.0000 374.0000 0.5437 0.1406 0.6780 4.3673 0.4257 1.3118 0.0000 0.6696
Car -1 -1 1.2921 0.0000 0.0000 0.0000 0.0000 0.0767 0.7989 0.4467 10.4079 1.4796 -2.9782 0.0000 0.7130
Car -1 -1 -0.3975 884.2908 120.8002 947.5812 157.1360 0.9080 1.5934 1.0354 8.1923 -0.4421 19.5139 0.0000 0.5740
Car -1 -1 -0.2911 818.4207 124.9839 836.8554 162.1955 1.2128 0.4138 0.4841 7.1433 -0.3549 23.8385 0.0000 0.9999
