Car -1 -1 -0.4680 900.3969 185.8446 1024.6762 241.6713 1.1048 1.8517 1.7145 -7.6318 -0.1192 -15.0998 0.0000 0.4944
Car -1 -1 0.4287 227.8675 191.4549 321.8672 256.3374 1.0943 1.4072 1.0553 5.8835 -0.2084 -12.8712 0.0000 0.6355
Car -1 -1 -1.3941 1223.0000 0.0000 1223.0000 105.0353 1.1035 1.7342 1.2543 12.7423 -0.3341 2.2746 0.0000 0.5283
Car -1 -1 -1.2328 1223.0000 0.0000 1223.0000 136.5716 1.0016 1.1864 1.3202 8.9870 -0.2317 3.1591 0.0000 0.6877
Car -1 -1 -0.7937 1223.0000 65.1293 1223.0000 156.9537 1.2222 0.5270 0.3725 9.9696 -0.3338 9.8049 0.0000 0.9999
Car -1 -1 -0.7455 1223.0000 100.0078 1223.0000 148.5580 1.2066 0.5246 0.8184 16.7786 -0.8315 18.1739 0.0000 0.9997
Car -1 -1 -0.7395 1213.1581 77.5335 1223.0000 157.9677 1.2010 0.7367 0.6087 10.1505 -0.3648 11.1267 0.0000 0.9990
Car -1 -1 -0.6909 1132.5090 81.6791 1223.0000 157.9745 1.1940 1.7038 0.8141 10.2655 -0.4212 12.4150 0.0000 0.9588
Car -1 -1 0.8803 0.0000 118.4547 0.0000 159.7867 1.0499 0.7415 0.8234 -22.6311 -0.5572 18.6973 0.0000 0.9581
Car -1 -1 1.1745 0.0000 0.0000 0.0000 181.1296 0.7810 0.5889 0.3844 -5.9794 0.0037 2.5019 0.0000 0.9998
Car -1 -1 1.1935 0.0000 0.0000 0.0000 226.6791 1.7289 1.3601 1.5466 -13.9856 0.3196 5.5428 0.0000 0.9871
Car -1 -1 1.3229 0.0000 0.0000 0.0000 113.3049 0.4137 1.5404 1.1324 -15.8779 -0.4539 4.0186 0.0000 0.5421
Car -1 -1 -0.5379 989.5761 181.6660 1059.3372 242.3262 1.2985 1.0749 0.9093 -9.3644 -0.0249 -15.6983 0.0000 0.9905
Car -1 -1 -0.2834 796.7476 189.4642 819.8325 224.8019 1.1424 0.3006 0.6669 -6.7252 -0.2926 -23.0893 0.0000 0.9982
Car -1 -1 -0.7198 1210.2538 102.0441 1223.0000 148.8144 1.1950 0.1949 0.6538 16.0350 -0.8227 18.2904 0.0000 0.9992
Car -1 -1 0.9227 0.0000 106.0863 0.0000 166.3953 1.3343 1.5534 1.2248 -22.1571 -0.3487 16.7777 0.0000 0.7782
Car -1 -1 -0.8107 1223.0000 99.0065 1223.0000 144.8332 1.2253 0.8048 0.1369 20.9621 -1.0243 19.9291 0.0000 0.9999
Car -1 -1 0.1061 528.2145 122.4305 535.0861 157.7361 0.7333 0.1223 0.1316 -1.5789 -0.4777 14.8208 0.0000 0.9999
Car -1 -1 0.9042 0.0000 194.9075 0.0000 294.0871 1.6174 0.6335 0.4167 15.1803 -0.2479 -11.9439 0.0000 0.9994
Car -1 -1 0.0267 585.1319 107.9803 590.9924 169.9905 1.2730 0.3394 0.1145 -0.3938 -0.2200 14.7369 0.0000 0.9999
Car -1 -1 0.8126 0.0000 160.8783 0.0000 186.5695 0.7477 0.8241 0.5682 -22.1605 0.1782 20.9855 0.0000 0.8749
Car -1 -1 -0.4661 942.8526 154.7037 973.6868 221.4930 2.2630 0.6359 0.7401 -12.2138 0.8760 -24.2799 0.0000 0.9999
Car -1 -1 -0.8140 1223.0000 64.5696 1223.0000 168.1302 1.0634 0.8756 0.8491 8.2577 -0.1425 7.7978 0.0000 0.9940
Car -1 -1 0.7509 0.0000 157.1073 12.9264 202.5418 0.8904 1.4952 1.4591 -13.6255 0.4336 14.5993 0.0000 0.8134
Car -1 -1 0.8795 0.0000 167.7650 0.0000 190.2781 0.5764 0.6095 0.6513 -22.2370 0.2519 18.4011 0.0000 0.6534
Car -1 -1 0.2293 408.7182 132.9731 478.9028 211.5796 0.7910 0.4805 0.6212 -1.7159 0.3145 7.3506 0.0000 0.9998
Car -1 -1 0.8662 0.0000 179.3072 0.0000 206.7274 0.7148 0.5972 0.4376 -22.0263 0.6853 18.7259 0.0000 0.9824
Car -1 -1 -0.0959 645.6784 138.2579 708.3112 184.8276 0.8059 1.3432 1.0049 1.2409 0.0765 12.9027 0.0000 0.5110
Car -1 -1 0.8207 0.0000 164.9366 0.0000 210.2430 0.8394 0.6453 1.0310 -14.4010 0.5527 13.4176 0.0000 0.6579
Car -1 -1 0.8398 0.0000 180.1897 0.0000 212.3199 0.6308 0.6065 0.3306 -15.8128 0.6263 14.1787 0.0000 0.9997
Car -1 -1 -0.7854 1223.0000 139.3651 1223.0000 169.4491 1.0267 0.7732 0.6717 -24.8053 1.4224 -24.8057 0.0000 0.9998
Car -1 -1 -0.6040 1069.8857 137.5964 1110.4693 200.6666 1.5510 0.7650 0.4940 -12.2661 1.0570 -17.7746 0.0000 0.9998
Car -1 -1 -0.9001 1223.0000 104.4569 1223.0000 160.0444 0.8399 0.3534 0.4553 -13.8595 1.1648 -10.9951 0.0000 0.9997
Car -1 -1 -0.9242 1223.0000 133.0397 1223.0000 273.5134 0.5664 1.8552 1.7085 4.9989 0.3767 3.7733 0.0000 0.5027
Car -1 -1 -0.5731 1032.6414 238.6306 1095.5363 253.3570 0.2215 0.7420 0.7566 8.9877 1.3991 13.9277 0.0000 0.5165
Car -1 -1 1.4226 0.0000 0.0000 0.0000 149.7273 0.8140 1.1343 0.9657 -10.2094 -0.0895 1.5237 0.0000 0.4581
Car -1 -1 -1.0818 1223.0000 318.2179 1223.0000 369.0000 1.2842 2.0511 0.2814 7.0309 2.2153 3.7414 0.0000 0.9435
Car -1 -1 -1.3408 1223.0000 369.0000 1223.0000 369.0000 0.2445 0.6111 0.1662 7.0805 1.8109 1.6576 0.0000 0.5427
