Car -1 -1 0.3400 313.7893 119.8599 394.6037 170.6337 1.4043 2.3469 1.5475 -7.5087 -0.0686 21.2300 0.0000 0.7476
Car -1 -1 0.4353 237.5563 196.0931 302.9778 252.6675 1.2710 1.2631 0.9801 8.0748 -0.5791 -17.3627 0.0000 0.9628
Car -1 -1 -0.4411 939.9406 115.1366 967.5452 150.3552 0.5960 0.2804 0.3457 5.9147 -0.3947 12.5278 0.0000 0.9905
Car -1 -1 -0.2420 777.1219 119.4812 803.5582 162.4537 1.0222 0.7430 0.4629 4.3719 -0.2603 17.7125 0.0000 0.9979
Car -1 -1 0.6952 0.0000 81.2959 74.0143 198.1222 1.6810 2.1226 0.4030 -9.5428 0.3639 11.4408 0.0000 0.9980
Car -1 -1 0.3203 337.2963 196.0354 397.3303 239.7556 1.2596 1.2976 1.4052 7.3414 -0.7313 -22.1280 0.0000 0.6194
Car -1 -1 0.2907 387.7362 141.7205 402.1377 160.0108 0.8189 0.5347 0.4985 -9.8570 -0.5908 32.9431 0.0000 0.9834
Car -1 -1 0.3674 296.6444 198.0908 360.4851 243.8295 1.1441 1.2586 1.2240 7.4569 -0.6992 -19.3756 0.0000 0.9128
Car -1 -1 -0.1944 745.9539 129.7484 759.9569 165.6214 1.6713 0.5522 0.5502 6.6954 -0.3433 34.0016 0.0000 0.9998
Car -1 -1 0.2271 435.3452 140.7881 452.9940 168.0669 1.0777 1.0981 0.4637 -6.7574 -0.1973 29.2455 0.0000 0.9826
Car -1 -1 0.5206 164.2866 108.4696 228.2157 173.7933 1.3912 2.3397 0.1250 -9.4806 0.0204 16.5341 0.0000 0.9330
Car -1 -1 0.2692 375.9138 131.1191 446.5357 183.4272 1.9242 1.3362 2.2960 -7.5066 0.3893 27.2073 0.0000 0.8234
Car -1 -1 0.4146 269.6483 132.1762 318.3771 172.5848 0.8741 0.9639 0.6655 -7.0826 -0.0058 16.0928 0.0000 0.9873
Car -1 -1 -0.6169 1096.5656 176.7915 1143.6183 242.7100 1.7444 1.5308 0.2179 -14.1515 -0.1127 -19.9538 0.0000 0.9994
Car -1 -1 0.4057 279.2969 145.5112 324.2054 175.0561 0.7313 0.4643 0.9280 -7.7709 0.0549 18.0898 0.0000 0.6966
Car -1 -1 -0.6699 1122.4277 165.4725 1241.0000 231.9675 1.4252 2.7654 0.6582 -13.3473 0.1586 -16.8506 0.0000 0.6718
Car -1 -1 -0.4446 930.9507 177.8715 973.1111 222.0866 1.1255 1.7115 0.3222 -9.2510 -0.1406 -19.4198 0.0000 0.8922
Car -1 -1 0.2129 448.5156 158.9021 461.3912 177.0798 0.7803 0.5664 0.4364 -6.7545 0.1818 31.2524 0.0000 0.9978
Car -1 -1 0.2503 414.2830 188.1807 432.4479 206.5909 0.6601 0.6382 0.5080 6.8315 -0.5740 -26.7236 0.0000 0.9623
Car -1 -1 0.2883 376.0804 191.0363 410.9427 214.1204 0.7525 0.7877 0.9496 7.2775 -0.6279 -24.5391 0.0000 0.7431
Car -1 -1 0.7191 0.0000 188.3826 0.0000 223.3251 0.6122 0.5356 0.2495 11.5124 -0.2884 -13.1502 0.0000 0.9995
Car -1 -1 0.9369 0.0000 113.5550 0.0000 197.4426 0.7138 1.4085 0.2547 -9.3063 0.2096 6.8412 0.0000 0.9339
Car -1 -1 -0.2833 800.6822 155.8653 844.0462 193.5227 1.0589 1.4336 0.8396 6.1139 0.5815 21.0031 0.0000 0.6941
Car -1 -1 0.6139 68.1796 136.8359 136.8850 197.7067 1.0604 1.4374 0.2553 -9.3635 0.4333 13.2858 0.0000 0.7518
Car -1 -1 -1.3147 1241.0000 168.3683 1241.0000 374.0000 0.7558 0.7402 0.8514 -10.5614 0.0152 -2.7650 0.0000 0.8298
Car -1 -1 -0.5746 1036.6757 174.9695 1113.0224 269.6078 1.5632 0.9517 0.6999 -8.0406 -0.0374 -12.4177 0.0000 0.9983
Car -1 -1 0.3435 313.0347 170.2710 379.7656 199.2553 0.6585 2.8089 0.6215 6.3660 0.0590 -17.7993 0.0000 0.5585
Car -1 -1 0.7995 0.0000 123.9549 0.0000 197.6155 0.6993 0.5940 0.4210 -7.3485 0.2354 7.1441 0.0000 0.8863
Car -1 -1 0.3497 233.4739 138.1118 441.4518 233.2263 0.9376 2.2721 1.5208 -3.0067 0.5955 8.2458 0.0000 0.5720
Car -1 -1 -0.2140 717.0625 172.6444 832.9123 215.1385 0.7125 2.4795 1.5731 2.8987 0.7094 13.3353 0.0000 0.5068
Car -1 -1 -0.2995 819.3860 189.1187 850.3051 205.1973 0.4113 0.8529 0.5799 6.0970 0.8665 19.7455 0.0000 0.6087
Car -1 -1 -0.2638 789.9352 186.3936 815.9467 236.2513 1.7960 0.5284 0.8101 -7.1304 -0.5000 -26.4020 0.0000 0.9994
Car -1 -1 0.2736 276.0251 5.0468 495.5389 56.9095 0.1198 2.5110 1.8182 2.3966 1.6936 -8.5390 0.0000 0.6158
Car -1 -1 1.1182 0.0000 0.0000 0.0000 0.0000 0.0573 2.0231 1.0540 5.5031 1.6956 -2.6757 0.0000 0.6641
Car -1 -1 1.2084 0.0000 0.0000 0.0000 0.0000 0.1428 1.5591 0.5618 4.3224 1.7946 -1.6389 0.0000 0.6623
