Car -1 -1 -0.4516 937.6478 142.3914 957.0785 161.6161 0.7413 0.2219 0.6513 -13.6028 1.5226 -28.0437 0.0000 0.8209
Car -1 -1 0.0548 552.2078 147.7391 566.4341 170.1870 0.8495 0.7879 0.5090 1.5358 1.2983 -27.9788 0.0000 0.9970
Car -1 -1 1.0444 0.0000 137.0742 0.0000 216.3146 0.9629 0.9892 0.9279 15.8781 0.5415 -9.2257 0.0000 0.9953
Car -1 -1 -0.4342 914.6790 138.3489 949.2122 157.9457 0.6428 0.5576 0.9211 -11.3674 1.4577 -24.5156 0.0000 0.9381
Car -1 -1 -0.0320 614.3164 144.0347 629.2884 165.9642 0.7609 0.5001 0.5172 -0.8182 1.3204 -25.5323 0.0000 0.9899
Car -1 -1 0.7503 0.0000 225.5632 0.0000 251.1916 0.6651 0.6726 0.9815 -18.7669 1.9219 20.1313 0.0000 0.8162
Car -1 -1 -1.2372 1237.0000 0.0000 1237.0000 265.7885 0.8384 0.4690 0.5787 -6.0439 0.6220 -2.0943 0.0000 0.9995
Car -1 -1 1.2747 0.0000 162.4473 0.0000 373.0000 0.5440 0.1442 0.2183 -5.9476 0.4992 1.8143 0.0000 0.9996
Car -1 -1 -0.7479 1128.9350 67.0864 1237.0000 203.5471 0.8557 1.3261 0.8920 -4.7959 0.7190 -5.1702 0.0000 0.7741
Car -1 -1 -0.5343 988.7279 114.0303 1055.1489 181.9283 0.8571 0.5683 0.5312 -5.5349 0.8534 -9.3549 0.0000 0.8522
Car -1 -1 0.1510 474.5374 132.4560 502.1003 153.4619 0.4752 1.0619 0.5327 2.7695 1.2081 -18.2027 0.0000 0.7394
Car -1 -1 -0.4593 923.1801 114.2904 982.0771 174.8178 0.7915 0.8118 0.4127 -4.8921 0.8889 -9.8913 0.0000 0.9981
Car -1 -1 1.3947 0.0000 373.0000 0.0000 373.0000 0.8646 0.5295 0.8982 -17.7168 2.4680 3.1526 0.0000 0.9831
Car -1 -1 1.4776 0.0000 373.0000 0.0000 373.0000 1.1275 0.3695 0.2177 -18.1088 2.8186 1.6926 0.0000 0.9998
Car -1 -1 0.9964 0.0000 373.0000 0.0000 373.0000 0.0642 1.3696 1.0217 -7.5425 1.9007 4.8818 0.0000 0.5767
Car -1 -1 -1.2857 1237.0000 205.8738 1237.0000 373.0000 0.8766 0.4147 0.4409 -12.7985 -0.1327 -3.7511 0.0000 0.9997
Car -1 -1 -1.1121 1237.0000 96.1479 1237.0000 373.0000 1.5829 1.4567 0.9430 -7.1701 0.3354 -3.5404 0.0000 0.9970
Car -1 -1 -0.7733 1211.4666 148.1861 1237.0000 319.9757 1.7564 1.0909 0.9352 -7.7029 0.3422 -7.8922 0.0000 0.9971
Car -1 -1 -0.7109 1172.0267 162.8104 1237.0000 273.8098 2.2949 1.0083 1.0872 -13.2242 0.3881 -15.3582 0.0000 0.9992
Car -1 -1 -0.5954 1027.4511 157.7454 1147.0347 288.0872 2.0351 1.4881 0.9825 -8.1037 0.3726 -11.9625 0.0000 0.9998
Car -1 -1 -0.5189 972.2486 164.1990 1046.4988 271.1465 2.1322 1.2240 0.8467 -8.5304 0.3467 -14.9359 0.0000 0.9996
Car -1 -1 0.2901 355.9306 207.6853 406.7467 239.5203 0.5026 1.3004 0.5274 3.8999 -0.4981 -13.0630 0.0000 0.4860
Car -1 -1 0.2765 310.0686 162.6340 461.1477 289.2130 2.0077 2.5200 1.9079 3.5912 0.3009 -12.6566 0.0000 0.9278
Car -1 -1 1.4151 0.0000 254.0478 0.0000 373.0000 1.4478 0.8406 0.8331 16.8326 -0.3075 -2.6421 0.0000 0.9994
Car -1 -1 -0.7265 1221.1953 50.2085 1237.0000 171.0767 1.1789 0.2060 0.2857 6.3313 -0.1035 7.1242 0.0000 0.9999
Car -1 -1 -0.6127 968.1234 52.0816 1237.0000 174.5501 1.3650 2.4353 2.4445 6.5786 -0.1011 9.3596 0.0000 0.4414
Car -1 -1 -0.4251 894.4351 100.6563 965.4874 167.7617 1.3775 1.5317 0.8625 7.1628 -0.3161 15.8222 0.0000 0.9899
Car -1 -1 -0.3870 833.1714 47.8317 973.4947 188.1931 1.2724 0.8019 1.0122 2.8164 0.0621 6.9101 0.0000 0.9990
Car -1 -1 0.8286 0.0000 109.5232 0.0000 159.8318 0.8091 1.3475 1.0195 -13.9602 -0.4054 12.8039 0.0000 0.4071
Car -1 -1 -0.9638 1237.0000 197.2511 1237.0000 266.7893 0.8824 0.1269 0.2095 -13.2622 -0.2016 -9.2098 0.0000 0.9998
Car -1 -1 -0.8867 1237.0000 193.1491 1237.0000 255.8584 1.0451 0.1398 0.2816 -14.8029 -0.1951 -12.0704 0.0000 0.9999
Car -1 -1 0.1562 449.1807 168.6292 519.6250 251.7682 2.3175 0.8515 1.8679 3.2212 0.3606 -20.4519 0.0000 0.9008
Car -1 -1 -0.3828 872.4227 116.9432 913.1216 167.5929 1.1822 1.3176 0.4715 7.1616 -0.3560 17.7850 0.0000 0.9990
Car -1 -1 0.1995 431.4255 139.7537 481.5464 177.1655 0.9618 1.4061 1.0673 -3.9083 -0.1198 19.3309 0.0000 0.4005
Car -1 -1 -0.7040 1170.4838 167.4346 1237.0000 272.1235 1.9688 0.7233 0.8511 -11.7808 0.2662 -13.8736 0.0000 0.9967
Car -1 -1 -0.5586 1039.4361 164.5941 1054.2657 265.5854 2.2779 0.1279 0.2563 -10.1691 0.3831 -16.2690 0.0000 0.9999
Car -1 -1 0.0503 543.4796 182.2831 581.4478 230.6281 2.0249 1.0842 1.5626 1.5439 -0.0320 -30.6487 0.0000 0.9906
Car -1 -1 0.1116 504.3776 167.4257 530.9693 244.1769 2.3403 1.0017 0.7140 2.5108 0.4310 -22.4073 0.0000 0.9995
Car -1 -1 -0.6392 1111.4871 82.2670 1165.6067 167.7106 1.3335 0.5388 0.4678 8.5961 -0.2259 11.5648 0.0000 0.9986
Car -1 -1 -0.3345 830.1366 128.4955 875.9317 169.2264 1.1466 1.9164 0.7130 7.5619 -0.3870 21.7546 0.0000 0.4892
Car -1 -1 -0.2993 814.5906 137.5429 833.0803 166.3291 1.0040 0.5975 0.4748 7.9203 -0.5473 25.6642 0.0000 0.9549
Car -1 -1 -0.6794 1138.0499 161.1571 1220.1469 280.9699 2.0422 1.1053 0.5720 -10.3375 0.3484 -12.7993 0.0000 1.0000
Car -1 -1 -0.2627 766.9856 170.0248 818.2434 219.2108 2.1893 0.9376 2.0641 -8.7245 0.5128 -32.4447 0.0000 0.8625
Car -1 -1 1.2097 0.0000 0.0000 0.0000 181.7614 1.2152 0.1581 0.4096 -12.3160 0.0031 4.6512 0.0000 0.9998
Car -1 -1 0.1638 472.2609 191.4691 486.3044 224.0806 0.8390 0.5466 0.2777 3.1275 -0.2646 -18.9233 0.0000 0.9992
Car -1 -1 1.3646 0.0000 188.5144 0.0000 364.6388 1.1451 1.6882 0.8032 26.6914 -0.0611 -5.5842 0.0000 0.9778
Car -1 -1 1.2263 0.0000 0.0000 0.0000 176.8270 1.0862 0.0857 0.1204 -11.1959 -0.0250 4.0168 0.0000 0.9999
Car -1 -1 -0.4543 937.0620 172.5031 962.8192 196.1141 1.0284 0.4532 0.9095 -15.3908 0.3939 -31.5165 0.0000 0.9993
Car -1 -1 1.1163 0.0000 0.0000 0.0000 209.8368 1.4863 1.5842 0.9313 -10.0766 0.1645 4.9233 0.0000 0.9858
Car -1 -1 1.2132 0.0000 208.1721 0.0000 233.5959 0.4530 0.9117 0.4704 38.0419 -0.5428 -14.2128 0.0000 0.4175
Car -1 -1 0.0780 538.3778 165.5406 553.8001 179.9303 0.4652 0.2020 0.4859 -1.8233 -0.0501 23.3420 0.0000 0.9989
Car -1 -1 -0.6850 1168.7381 177.0556 1198.9544 243.8559 1.0992 0.0998 0.4182 -9.7001 0.0748 -11.8728 0.0000 0.9994
Car -1 -1 -0.5678 1014.6578 112.0336 1115.9433 198.2900 0.8910 0.3490 0.8449 4.8432 0.1748 7.5920 0.0000 0.9961
Car -1 -1 -0.2105 737.4617 157.5070 774.3581 175.8877 0.5687 0.4450 1.0637 4.8241 -0.1771 22.5819 0.0000 0.4163
Car -1 -1 0.0835 519.4106 157.3271 556.6555 207.2133 1.7144 1.3872 1.1955 2.1254 0.8326 -25.3829 0.0000 0.9970
Car -1 -1 1.2056 0.0000 0.0000 0.0000 188.6160 1.4354 0.5618 0.8714 -14.4867 0.0535 5.5398 0.0000 0.9985
Car -1 -1 -0.7353 1219.2275 147.0964 1237.0000 239.5735 1.3805 0.5872 0.3263 -9.9671 0.5153 -11.0199 0.0000 0.9991
Car -1 -1 -0.2225 752.0585 154.8039 770.5406 195.2256 1.4215 0.3830 0.5691 -5.7590 0.9408 -25.4562 0.0000 0.9992
Car -1 -1 0.0219 575.6214 153.2736 590.1413 191.0906 1.3308 0.5504 0.5031 0.5603 0.9952 -25.5562 0.0000 0.9997
Car -1 -1 1.4231 0.0000 91.8609 0.0000 297.4098 0.7577 0.8734 0.4489 20.7560 0.3320 -3.0872 0.0000 0.9898
Car -1 -1 0.8973 0.0000 173.7097 0.0000 230.1288 0.5890 0.5939 0.5581 -9.7662 0.5090 7.7935 0.0000 0.9928
Car -1 -1 -0.3753 845.7847 136.1716 917.4231 192.7868 1.0972 0.8933 1.0832 -5.6625 0.8802 -14.3711 0.0000 0.9916
Car -1 -1 -0.2044 741.5639 155.8312 754.5575 173.4328 0.8045 0.2482 0.5471 -6.8568 1.1793 -33.0718 0.0000 0.9917
Car -1 -1 -0.1272 683.7023 159.8875 698.6386 176.8601 0.8750 0.3205 0.7347 -4.7697 1.1190 -37.2842 0.0000 0.9474
Car -1 -1 -0.0882 649.2474 147.6605 674.9049 190.8044 1.2036 0.9142 0.6536 -1.8118 0.9459 -20.4992 0.0000 0.9991
Car -1 -1 1.3117 0.0000 0.0000 0.0000 292.6336 1.4583 1.5032 0.9245 -8.3943 0.2298 2.2249 0.0000 0.9841
Car -1 -1 -0.0003 588.9994 151.8622 608.1418 194.6726 1.2592 0.5467 0.5630 -0.0063 0.8736 -21.4048 0.0000 0.9923
Car -1 -1 -0.4506 932.7869 176.2048 970.2243 196.4224 0.3488 0.3137 0.5006 6.0695 0.2587 12.5454 0.0000 0.9743
Car -1 -1 0.7109 0.0000 150.1911 34.8769 234.6046 0.6816 0.4532 0.4095 -5.1876 0.4302 6.0242 0.0000 0.9996
Car -1 -1 1.0912 0.0000 39.2620 0.0000 318.3816 0.9197 0.4824 1.2503 -5.0091 0.4525 2.6055 0.0000 0.5600
Car -1 -1 -0.4742 888.5009 97.3963 1052.5779 250.8453 1.0755 1.2189 0.6611 -2.8986 0.5911 -5.6468 0.0000 0.9992
Car -1 -1 0.0104 581.3573 147.4225 598.0661 217.7705 1.3815 0.9018 0.3252 0.1514 0.6709 -14.5598 0.0000 0.9996
