Car -1 -1 0.7432 0.0000 129.3476 0.0000 150.3157 0.3863 1.0497 0.6641 -13.7306 -0.4829 14.9420 0.0000 0.5147
Car -1 -1 -0.2295 736.9380 102.2285 830.8348 177.4432 1.7785 2.7048 1.7428 4.3011 0.1089 18.4113 0.0000 0.9189
Car -1 -1 -0.1785 721.6435 120.2775 763.2766 166.7012 1.2816 1.3006 0.9572 3.7418 -0.1821 20.7387 0.0000 0.9404
Car -1 -1 -1.3268 1241.0000 226.9900 1241.0000 329.6343 1.0363 0.8558 0.8264 -32.8057 -0.6443 -8.1667 0.0000 0.9994
Car -1 -1 -0.3011 820.1198 201.1441 844.4274 219.8102 0.7495 0.4175 0.8755 -9.2587 -1.1767 -29.8161 0.0000 0.8012
Car -1 -1 0.3511 320.2041 195.1881 365.8892 240.2696 1.6117 1.5518 1.1579 10.0141 -0.8699 -27.3428 0.0000 0.9549
Car -1 -1 -0.1466 690.3051 113.1982 748.8337 173.9572 1.9443 2.9317 1.5449 3.6246 0.0357 24.5526 0.0000 0.8446
Car -1 -1 0.7704 0.0000 94.2050 0.0000 186.7954 2.0307 0.5469 0.8289 -15.6183 0.3061 16.0953 0.0000 0.9999
Car -1 -1 0.8011 0.0000 8.1752 0.0000 232.0537 2.0078 0.6489 0.6638 -7.0097 0.5313 6.7927 0.0000 0.9999
Car -1 -1 0.3813 300.5422 203.4652 335.8489 233.3043 0.9701 1.0499 0.8023 10.0470 -1.0851 -25.0633 0.0000 0.9860
Car -1 -1 0.3218 352.6151 133.5991 389.9339 185.4669 1.2481 0.4734 0.7539 -5.8657 0.3039 17.5961 0.0000 0.9951
Car -1 -1 0.4810 225.3429 143.3142 244.2707 169.1855 0.7830 0.6961 0.2230 -11.6287 -0.1147 22.2803 0.0000 0.9997
Car -1 -1 -0.2002 747.0760 195.9374 762.3668 214.2569 0.8324 0.4987 0.6130 -6.8294 -1.0845 -33.6643 0.0000 0.9914
Car -1 -1 -0.1044 678.8446 142.3802 694.8730 161.2128 0.6879 0.9556 0.5068 2.8729 -0.4498 27.4223 0.0000 0.9928
Car -1 -1 -0.2227 760.7734 192.0434 782.7832 210.2061 0.8736 0.4228 0.9836 -8.0069 -0.9457 -35.3647 0.0000 0.9834
Car -1 -1 -1.0125 1241.0000 156.2579 1241.0000 239.4877 1.4666 0.4987 0.5126 -20.7615 0.2928 -12.9664 0.0000 0.9991
Car -1 -1 1.1732 0.0000 0.0000 0.0000 212.9665 1.8569 1.2083 0.9952 -14.8979 0.3148 6.2571 0.0000 0.9995
Car -1 -1 -0.9771 1241.0000 131.8769 1241.0000 214.5720 1.5303 1.4333 1.0323 -20.8471 0.7586 -14.0714 0.0000 0.9985
Car -1 -1 0.3827 303.6055 180.7576 330.5349 200.3137 0.6465 0.8733 0.5657 9.9218 -0.2744 -24.6464 0.0000 0.7236
Car -1 -1 0.4049 288.9080 181.2561 307.6930 201.0559 0.6274 0.6961 0.3117 10.0766 -0.2774 -23.5109 0.0000 0.9041
Car -1 -1 -0.3047 822.4439 164.6226 848.0756 183.4216 0.8047 0.6211 0.9139 -9.8125 0.3527 -31.1984 0.0000 0.6875
Car -1 -1 -0.1998 741.8305 166.3096 774.3773 195.0144 0.8397 1.2527 0.7225 4.4004 0.6486 21.7311 0.0000 0.6027
Car -1 -1 -1.4503 1241.0000 0.0000 1241.0000 113.4220 0.8435 0.3891 0.3633 -35.3348 1.2119 -4.2767 0.0000 0.9999
Car -1 -1 -1.1396 1241.0000 114.2922 1241.0000 165.6194 1.0915 0.6679 0.6693 -34.2895 1.2533 -15.7745 0.0000 0.9998
Car -1 -1 0.2329 432.9437 189.0913 446.2538 203.3571 0.7074 0.3449 0.5891 -8.6187 1.5294 36.3390 0.0000 0.9974
Car -1 -1 -1.3454 1241.0000 120.9382 1241.0000 374.0000 1.7515 0.5189 0.4566 -14.1605 0.2151 -3.2466 0.0000 0.9999
Car -1 -1 -1.0144 1241.0000 91.9545 1241.0000 121.1782 0.4360 0.9229 0.8786 -20.6805 1.3904 -12.8618 0.0000 0.4970
Car -1 -1 -0.5589 1014.9160 55.1407 1094.5148 128.9950 0.5371 0.3748 0.3928 -3.5398 0.8927 -5.6600 0.0000 0.9919
Car -1 -1 0.4118 254.7473 195.6074 327.7103 247.3687 1.5231 1.5048 1.6260 9.8927 -0.7375 -22.6476 0.0000 0.6935
