Car -1 -1 0.8691 0.0000 35.3293 0.0000 213.8745 1.9459 0.3478 0.6350 -9.5070 0.4474 8.0351 0.0000 0.9999
Car -1 -1 0.9529 0.0000 8.7946 0.0000 221.2090 1.8823 0.7297 0.6895 -9.5050 0.4288 6.7558 0.0000 0.9999
Car -1 -1 -1.2934 1241.0000 0.0000 1241.0000 174.8397 1.4318 0.4332 0.6404 9.9080 0.0075 2.8210 0.0000 0.9983
Car -1 -1 -0.9387 1241.0000 34.4201 1241.0000 168.6463 1.5380 0.8161 0.6438 11.8788 -0.0528 8.6983 0.0000 0.9991
Car -1 -1 -0.4760 945.0130 93.4937 1026.0880 174.4481 1.6219 0.8911 1.2100 7.6802 0.0323 14.8987 0.0000 0.9634
Car -1 -1 -0.1946 738.6635 96.4365 771.5255 180.8914 1.6710 0.6844 0.5277 2.8809 0.1594 14.6154 0.0000 0.9998
Car -1 -1 0.3473 332.9792 180.9638 358.4515 260.5451 1.9160 0.4596 0.4550 6.3897 -0.2006 -17.6515 0.0000 0.9999
Car -1 -1 0.6528 29.6610 220.0274 80.3133 232.7354 0.2783 1.1000 0.5892 15.6278 -1.3717 -20.4386 0.0000 0.4813
Car -1 -1 1.1270 0.0000 209.5398 0.0000 344.7468 1.6198 0.3027 0.2504 18.6805 -0.4587 -8.8801 0.0000 0.9999
Car -1 -1 1.1603 0.0000 215.7494 0.0000 349.9132 1.8077 1.4406 1.3577 25.0554 -0.6906 -10.9058 0.0000 0.9847
Car -1 -1 1.2207 0.0000 227.0922 0.0000 373.1243 1.6498 1.4477 1.3738 25.7846 -0.7616 -9.4157 0.0000 0.9873
Car -1 -1 1.2992 0.0000 295.6346 0.0000 361.5898 0.5160 0.7001 0.6258 26.2213 -1.3011 -7.3011 0.0000 0.8922
Car -1 -1 -1.3673 1241.0000 0.0000 1241.0000 106.9989 1.6050 2.4847 1.0651 25.5215 -0.5938 5.2652 0.0000 0.9782
Car -1 -1 -1.1724 1241.0000 35.5552 1241.0000 115.5951 0.9124 1.3773 0.7323 23.5147 -0.8399 9.8966 0.0000 0.8173
Car -1 -1 -0.5329 1018.3846 166.7329 1047.0362 266.8829 2.2790 0.3388 0.4600 -9.7849 0.1396 -16.5912 0.0000 0.9999
Car -1 -1 -1.5385 1241.0000 374.0000 1241.0000 374.0000 0.7260 0.7930 0.5082 -38.7953 -0.8332 -1.2523 0.0000 0.9846
Car -1 -1 -1.4801 1241.0000 328.7102 1241.0000 374.0000 0.7049 1.0019 0.6672 -37.1590 -0.8374 -3.3803 0.0000 0.9633
Car -1 -1 -0.9620 1241.0000 208.1820 1241.0000 239.9028 0.7083 0.6088 0.7015 -24.5251 -0.8515 -17.0974 0.0000 0.9698
Car -1 -1 0.4998 199.8604 209.6979 227.6329 230.7313 0.7295 0.7433 0.6200 14.5798 -1.3820 -26.7029 0.0000 0.7854
Car -1 -1 -1.4752 1241.0000 0.0000 1241.0000 28.3344 1.4912 0.3127 0.4914 20.4348 -0.4240 1.9597 0.0000 0.9997
Car -1 -1 -1.3239 1241.0000 0.0000 1241.0000 99.2348 1.3801 1.4698 1.2337 27.6851 -0.7870 6.9791 0.0000 0.4326
Car -1 -1 -1.1432 1241.0000 7.1604 1241.0000 148.7294 1.5326 0.2899 0.3959 17.5615 -0.2722 8.0030 0.0000 0.9999
Car -1 -1 1.0033 0.0000 104.5204 0.0000 178.1117 1.5176 0.6031 0.2891 -23.8113 0.1088 15.1785 0.0000 0.9999
Car -1 -1 1.2842 0.0000 3.5678 0.0000 209.6588 2.0766 0.6322 0.5317 -25.7304 0.3712 7.5836 0.0000 0.9999
Car -1 -1 0.5264 162.2417 196.8951 214.0463 233.4746 1.3687 1.3845 1.2449 16.6198 -0.9757 -28.6037 0.0000 0.9035
Car -1 -1 1.0440 0.0000 206.1217 0.0000 292.4604 1.5998 1.8224 0.9618 25.7687 -0.7325 -14.9860 0.0000 0.8384
Car -1 -1 1.4880 0.0000 323.2138 0.0000 374.0000 1.4972 2.0454 1.5371 30.1210 -0.7330 -2.4993 0.0000 0.9305
Car -1 -1 -1.2071 1241.0000 48.2741 1241.0000 116.2456 0.8099 0.9260 0.7315 25.8227 -0.8073 9.8292 0.0000 0.9489
Car -1 -1 -0.7795 1241.0000 173.9011 1241.0000 210.8577 1.1321 0.3357 1.2654 -22.0232 -0.0322 -22.2838 0.0000 0.6045
Car -1 -1 1.3382 0.0000 229.1540 0.0000 374.0000 1.4249 2.2360 1.8207 27.7995 -0.6004 -6.5843 0.0000 0.6517
Car -1 -1 -1.1530 1241.0000 164.1408 1241.0000 216.5700 0.6835 0.1700 0.5039 -21.3850 0.1139 -9.4942 0.0000 0.9766
Car -1 -1 0.3778 311.2864 190.1404 332.3615 204.6606 0.6503 0.6900 0.7028 13.2867 -0.8100 -33.4838 0.0000 0.7772
Car -1 -1 0.4171 254.2228 181.0972 320.8792 215.9733 1.4908 1.8380 2.1541 14.2665 -0.3780 -32.1995 0.0000 0.3782
Car -1 -1 0.9789 0.0000 192.7413 0.0000 242.7276 1.0916 1.0712 1.3900 24.8701 -0.4752 -16.7210 0.0000 0.8481
Car -1 -1 -1.3075 1241.0000 84.1316 1241.0000 293.7561 2.0009 1.9201 1.0896 -29.1199 0.8472 -7.8501 0.0000 0.9981
Car -1 -1 -0.8983 1241.0000 170.5593 1241.0000 199.2585 0.7738 0.8401 0.9872 -24.9609 0.0622 -19.8764 0.0000 0.9621
Car -1 -1 0.7125 0.0000 181.5085 0.0000 233.7005 1.3255 0.2742 0.2767 15.9896 -0.2233 -18.5101 0.0000 0.9998
Car -1 -1 0.8924 0.0000 186.9670 0.0000 221.9922 0.8850 0.8811 0.8900 23.6067 -0.3804 -19.0288 0.0000 0.7878
Car -1 -1 1.2672 0.0000 199.1376 0.0000 279.7763 0.8231 1.2409 0.9053 26.7874 -0.3279 -8.3925 0.0000 0.6653
Car -1 -1 0.7513 0.0000 170.1717 0.0000 332.9038 1.5200 0.3835 0.4280 6.4764 0.0254 -6.9339 0.0000 0.9998
Car -1 -1 -1.2183 1241.0000 104.7467 1241.0000 159.2373 0.7292 0.7681 0.5075 27.8031 -0.2000 10.2285 0.0000 0.9948
Car -1 -1 -0.9252 1241.0000 164.3162 1241.0000 194.2088 0.7673 0.5601 0.2939 -24.9644 0.2195 -18.8044 0.0000 0.9991
Car -1 -1 0.2858 381.8812 163.7694 408.7988 200.0625 1.0441 0.3462 0.6780 6.1511 0.2617 -20.9336 0.0000 0.9981
Car -1 -1 0.0010 593.4068 174.6468 620.5810 192.3698 0.5705 0.5741 0.8770 0.0229 -0.0589 -23.5756 0.0000 0.6982
Car -1 -1 -0.0112 553.8297 138.3469 693.9556 225.9630 1.0223 2.3320 1.6349 0.1074 0.6200 9.5819 0.0000 0.6012
Car -1 -1 1.2401 0.0000 227.6575 0.0000 259.5253 0.4684 0.5255 0.3879 -34.2780 1.3827 11.7682 0.0000 0.5519
Car -1 -1 -1.4233 1241.0000 0.0000 1241.0000 59.8554 0.6696 0.6295 0.4071 -36.5794 1.5699 -5.4343 0.0000 0.9984
Car -1 -1 -0.9091 1241.0000 139.2597 1241.0000 161.8759 0.5670 0.8231 0.7077 -24.2725 0.8612 -18.9037 0.0000 0.3823
Car -1 -1 -0.8817 1241.0000 137.0495 1241.0000 166.0576 0.7728 1.1313 0.5336 -24.3435 0.9673 -20.0550 0.0000 0.9661
Car -1 -1 -0.8363 1241.0000 140.0302 1241.0000 166.2727 0.7661 0.5551 0.6886 -23.7902 0.9649 -21.4822 0.0000 0.9390
Car -1 -1 -0.2783 792.5891 187.1071 849.7360 232.9674 0.5554 0.4991 0.5778 2.6118 0.7413 9.1409 0.0000 0.8010
Car -1 -1 -0.5541 1033.7733 123.1149 1073.6205 150.4110 0.5305 0.7683 0.3576 -9.3063 1.0106 -15.0416 0.0000 0.6920
Car -1 -1 1.1197 0.0000 283.5727 0.0000 359.3462 0.4117 0.4940 0.4689 -10.0865 1.2001 4.8861 0.0000 0.5811
Car -1 -1 0.9666 0.0000 230.0767 0.0000 266.2248 0.6940 1.0911 0.5873 23.3651 -1.3217 -16.1279 0.0000 0.4192
Car -1 -1 1.4365 0.0000 297.5357 0.0000 374.0000 1.7168 1.5492 1.1269 30.7924 -0.8520 -4.1610 0.0000 0.9963
