Car -1 -1 0.5231 171.8772 204.2303 210.1126 241.6368 1.0644 1.0503 0.5533 12.6524 -0.9765 -21.9406 0.0000 0.9239
Car -1 -1 0.6684 0.0000 228.9248 84.6279 249.8117 0.1745 1.3436 0.4265 8.1407 -0.8528 -10.3098 0.0000 0.6527
Car -1 -1 0.7673 0.0000 176.9750 0.0000 310.9623 2.0523 1.3895 0.5854 11.3717 -0.0709 -11.7920 0.0000 0.9997
Car -1 -1 0.9548 0.0000 223.3131 0.0000 284.6944 0.8332 1.1387 0.7089 15.9663 -0.8297 -11.3030 0.0000 0.5456
Car -1 -1 -1.0577 1241.0000 43.0233 1241.0000 130.2987 0.8163 2.3732 1.8859 16.1331 -0.6059 9.0894 0.0000 0.5979
Car -1 -1 1.1961 0.0000 91.4200 0.0000 124.5994 0.2744 1.4961 0.6732 -22.6029 -0.6443 8.8880 0.0000 0.5779
Car -1 -1 -0.7492 1213.3622 101.9126 1241.0000 149.9757 1.0079 2.0854 1.5707 15.9628 -0.5770 17.1629 0.0000 0.4570
Car -1 -1 -0.5310 1015.2958 114.3066 1056.8146 156.3386 1.0056 0.6208 0.6582 10.4625 -0.4146 17.8138 0.0000 0.9649
Car -1 -1 -0.4868 977.5225 124.5768 1010.1614 151.3777 0.7150 0.6636 0.5564 10.6452 -0.6082 20.1115 0.0000 0.6989
Car -1 -1 -0.3009 816.3491 125.4406 855.2264 158.9502 0.9708 0.8570 0.8999 6.7286 -0.4258 21.6852 0.0000 0.8848
Car -1 -1 -0.8486 1241.0000 205.8787 1241.0000 229.8476 0.6920 1.5235 1.0166 -26.8972 -1.1189 -23.6960 0.0000 0.5778
Car -1 -1 0.4426 250.5758 181.0142 280.4505 258.9022 2.5105 0.7731 0.6136 11.2442 -0.2723 -23.7266 0.0000 0.9999
Car -1 -1 0.6109 73.5931 197.2574 129.4362 257.4542 1.5268 0.5423 1.0725 13.1608 -0.6444 -18.7940 0.0000 0.9957
Car -1 -1 -0.4125 909.4447 129.8788 946.1558 150.7104 0.5697 1.1917 0.5731 9.4495 -0.6807 21.5918 0.0000 0.7174
Car -1 -1 0.9322 0.0000 95.8754 0.0000 178.5867 2.0003 0.8887 0.6429 -24.1004 0.1390 17.8914 0.0000 1.0000
Car -1 -1 -1.5176 1241.0000 374.0000 1241.0000 374.0000 0.6095 0.5751 0.6804 -25.3883 -0.5845 -1.3523 0.0000 0.7970
Car -1 -1 -0.9671 1241.0000 210.7760 1241.0000 241.4068 0.6064 0.1541 0.7731 -21.1097 -0.7685 -14.5555 0.0000 0.9611
Car -1 -1 -0.4860 971.1288 105.3808 1015.1163 171.1261 1.8943 0.8080 0.8638 11.2056 -0.0514 21.2123 0.0000 0.9999
Car -1 -1 0.7064 0.0000 213.0080 24.7601 255.8822 0.7706 0.6786 0.7679 11.8995 -0.7944 -13.9455 0.0000 0.9781
Car -1 -1 -0.5990 1063.0007 107.4923 1148.4339 172.8126 1.8502 1.6051 1.4113 14.4988 -0.0009 21.2383 0.0000 0.9968
Car -1 -1 0.7552 0.0000 144.3980 0.0000 169.2865 0.8742 0.8611 0.2091 -24.3783 -0.1298 25.8959 0.0000 0.9990
Car -1 -1 0.8923 0.0000 134.8504 0.0000 170.9241 0.9573 0.5124 0.4231 -24.0969 -0.0523 19.4276 0.0000 0.9999
Car -1 -1 1.3361 0.0000 0.0000 0.0000 267.6405 1.3814 0.7111 0.4347 -15.8040 0.4504 3.7789 0.0000 0.9998
Car -1 -1 -0.4695 958.2671 164.8372 986.6012 276.8016 1.8643 0.4448 0.2568 -6.2096 0.1338 -12.2395 0.0000 0.9997
Car -1 -1 -0.3939 888.0107 141.8466 934.5730 175.6038 1.5236 1.5739 1.4941 13.8620 0.1245 33.3495 0.0000 0.8826
Car -1 -1 0.6567 44.4685 162.1562 65.1414 178.8166 0.7150 0.2308 0.7130 -23.9531 0.2562 31.0760 0.0000 0.9643
Car -1 -1 0.7903 0.0000 159.3842 0.0000 178.9256 0.6343 1.4882 0.2582 -24.4000 0.1974 24.1620 0.0000 0.6352
Car -1 -1 -1.2425 1241.0000 122.0598 1241.0000 374.0000 1.7428 0.2718 0.4090 -11.4030 0.2640 -3.8839 0.0000 0.9998
Car -1 -1 1.2391 0.0000 74.4700 0.0000 201.3605 1.2126 2.4135 0.9619 -23.5173 0.2728 8.0989 0.0000 0.4220
Car -1 -1 -0.6634 1151.0240 168.2075 1194.1446 213.7874 1.8285 1.2398 0.7994 -23.1116 0.1868 -29.5682 0.0000 0.9988
Car -1 -1 0.5658 120.1987 168.6606 175.8445 243.0900 1.8264 1.1440 0.6778 11.6095 0.1033 -18.2802 0.0000 0.9997
Car -1 -1 1.1052 0.0000 147.9021 0.0000 205.7626 1.1518 0.6459 0.4392 -29.2214 0.6554 14.6830 0.0000 0.9996
Car -1 -1 1.1435 0.0000 151.5441 0.0000 204.9315 1.0436 1.1843 0.6445 -32.2658 0.6274 14.6942 0.0000 0.9502
Car -1 -1 1.1814 0.0000 162.1937 0.0000 196.6023 0.6632 1.1489 0.5642 -35.2839 0.4581 14.4790 0.0000 0.5737
Car -1 -1 -1.2116 1241.0000 194.2035 1241.0000 329.9853 1.3513 2.2263 1.3275 -23.0317 -0.2884 -8.6469 0.0000 0.8977
Car -1 -1 0.7576 0.0000 178.1883 0.0000 197.1135 0.6588 0.8176 0.7786 -24.3628 0.8527 25.7555 0.0000 0.8942
Car -1 -1 0.5094 169.9482 165.5175 237.1351 207.4729 1.4334 1.9743 1.2764 14.3212 0.2510 -25.6410 0.0000 0.3493
Car -1 -1 -0.5474 1026.9658 155.4287 1076.2581 182.3151 0.8996 1.1691 0.9729 15.0691 0.3169 24.7239 0.0000 0.3902
Car -1 -1 0.4244 272.3619 167.3674 291.5876 191.5974 1.0186 0.7158 0.4927 13.8687 0.2310 -30.6923 0.0000 0.9876
Car -1 -1 0.4753 221.4773 165.6189 251.2827 205.6455 1.4815 0.9002 0.6562 13.9763 0.2682 -27.1595 0.0000 0.9990
Car -1 -1 -0.7146 1217.5877 152.9833 1241.0000 182.7823 1.0829 1.1842 0.2242 -23.2664 0.7225 -26.8165 0.0000 0.9983
Car -1 -1 0.7512 0.0000 162.6567 0.0000 186.0875 0.8598 0.7774 0.6913 25.0939 0.3746 -26.8690 0.0000 0.9846
Car -1 -1 0.4119 282.3866 160.0084 303.1745 179.4027 0.8348 0.9182 0.5049 13.7705 0.5533 -31.5198 0.0000 0.9913
Car -1 -1 1.2433 0.0000 157.9393 0.0000 269.0518 0.8281 0.1525 0.3208 -16.0460 0.7173 5.4507 0.0000 0.9998
Car -1 -1 -0.7977 1241.0000 140.2359 1241.0000 177.9731 0.7757 0.3933 0.2735 -15.4054 0.6709 -15.0315 0.0000 0.9999
Car -1 -1 0.5396 153.0486 150.7496 196.6311 171.4708 0.6393 1.4899 0.4981 13.8394 0.6854 -23.1098 0.0000 0.5954
Car -1 -1 0.6282 26.1051 145.1686 132.7750 169.0097 0.5822 2.7004 0.8850 14.0985 0.6932 -19.4093 0.0000 0.4810
Car -1 -1 0.3664 328.6768 193.2200 341.4817 209.9868 0.3790 0.6797 0.0515 -6.7041 0.8821 17.4712 0.0000 0.9061
Car -1 -1 0.5699 134.4976 148.6836 155.6541 164.2753 0.4775 0.4406 0.3778 14.4590 0.7487 -22.5616 0.0000 0.9946
Car -1 -1 0.4741 221.1243 207.2247 252.4940 237.7322 0.7837 0.6351 0.5226 10.0418 -0.9469 -19.5701 0.0000 0.9707
