Car -1 -1 -0.8972 1237.0000 126.2434 1237.0000 349.1669 2.2714 1.2633 1.3857 -9.9658 0.5646 -7.9535 0.0000 0.9998
Car -1 -1 -0.5117 970.5362 108.5192 1031.4507 182.6622 1.0306 0.8453 0.4112 -5.8460 1.0161 -10.4102 0.0000 0.9985
Car -1 -1 -0.2286 742.0803 127.6964 789.8182 173.6162 1.0767 1.2419 0.8886 -4.1134 1.2793 -17.6802 0.0000 0.8869
Car -1 -1 0.2138 427.3527 143.3609 456.3863 156.9378 0.3301 0.4461 0.6490 4.0168 0.9718 -18.4961 0.0000 0.4200
Car -1 -1 -0.0842 651.2382 138.1989 668.1081 159.9201 0.8025 0.9957 0.5760 -2.3669 1.6613 -28.0282 0.0000 0.4673
Car -1 -1 1.4988 0.0000 373.0000 0.0000 373.0000 0.6807 0.5320 0.7770 -13.1229 1.1347 0.9460 0.0000 0.5858
Car -1 -1 1.0093 0.0000 225.1586 0.0000 312.7441 0.5366 0.2397 0.3499 -7.3726 0.8273 4.6374 0.0000 0.9997
Car -1 -1 -0.6853 1100.2153 139.9541 1237.0000 313.7010 2.3381 1.4886 1.3812 -8.5124 0.5607 -10.4137 0.0000 0.9969
Car -1 -1 0.2835 340.2076 69.4188 422.5328 134.3483 0.4877 1.0408 0.4473 1.9445 0.9613 -6.6741 0.0000 0.6513
Car -1 -1 -0.5508 978.6182 152.0210 1108.5087 288.5624 2.5923 2.1795 1.3184 -9.0473 0.5614 -14.7301 0.0000 0.9944
Car -1 -1 -0.4773 915.7535 169.3491 1028.3518 271.9313 1.7551 1.5619 1.2407 -6.7615 0.2096 -13.0737 0.0000 0.8575
Car -1 -1 -0.3835 854.7191 169.0695 924.1182 264.1252 2.0494 1.7072 0.8918 -6.5935 0.2698 -16.3435 0.0000 0.9994
Car -1 -1 -0.3242 816.3435 168.7589 864.6082 258.1733 2.4397 1.3532 0.9101 -6.8139 0.3495 -20.2790 0.0000 0.9996
Car -1 -1 0.1685 433.7635 177.6315 516.6541 249.4145 2.6426 1.8029 2.8414 4.6537 0.1444 -27.3491 0.0000 0.7364
Car -1 -1 0.5380 0.0000 116.3988 326.9879 373.0000 1.6015 1.9820 1.3737 2.7702 0.3322 -4.6425 0.0000 0.8934
Car -1 -1 0.5309 127.1287 106.4505 230.0266 177.2966 1.6452 1.7553 1.4995 -10.3690 -0.1073 17.6608 0.0000 0.9114
Car -1 -1 1.1222 0.0000 132.5349 0.0000 373.0000 1.5140 1.0478 1.7123 6.4075 0.1758 -3.0838 0.0000 0.7217
Car -1 -1 1.3707 0.0000 201.2620 0.0000 373.0000 1.3438 0.5426 1.1881 10.0585 -0.0620 -2.0404 0.0000 0.9884
Car -1 -1 1.4666 0.0000 338.1155 0.0000 373.0000 1.0512 1.2362 0.6495 17.1942 -0.5245 -1.7973 0.0000 0.9817
Car -1 -1 -0.9408 1237.0000 0.0000 1237.0000 166.5950 0.8339 0.2596 0.2990 3.3381 -0.0518 2.4338 0.0000 0.9994
Car -1 -1 -0.5425 922.3436 3.1519 1209.2940 188.5999 1.2796 2.1378 1.0219 3.6309 0.0504 6.0230 0.0000 0.9470
Car -1 -1 -0.4551 896.8550 92.8170 1024.4211 165.7499 1.1957 2.3470 1.2129 6.5851 -0.3196 13.4551 0.0000 0.8024
Car -1 -1 -0.3767 865.3117 113.7114 910.1142 159.7021 0.9863 0.8221 0.6820 6.4099 -0.5031 16.2041 0.0000 0.9918
Car -1 -1 -0.3354 836.3146 117.2576 870.5705 161.7221 1.0942 0.8490 0.5822 6.4402 -0.5193 18.4773 0.0000 0.9991
Car -1 -1 0.2152 430.1536 125.7566 459.8211 168.3808 1.3728 0.7831 0.8123 -5.1938 -0.4402 23.7664 0.0000 0.9985
Car -1 -1 -0.7999 1237.0000 167.5189 1237.0000 258.3140 1.9695 1.0620 1.9506 -16.5884 0.3050 -16.1155 0.0000 0.9908
Car -1 -1 -0.7516 1237.0000 142.6948 1237.0000 286.1396 2.5831 0.2755 0.8339 -12.2196 0.7005 -13.0757 0.0000 0.9999
Car -1 -1 -0.2819 786.1262 170.2249 828.2703 251.8867 2.6724 1.1813 1.0737 -6.9804 0.3709 -24.1011 0.0000 0.9997
Car -1 -1 -1.2219 1237.0000 22.8683 1237.0000 91.9674 0.4047 0.2795 0.4979 12.9392 -0.6030 4.7067 0.0000 0.6250
Car -1 -1 -0.3051 818.2805 129.3782 839.4670 162.5071 0.9043 0.6894 0.3809 6.4077 -0.5460 20.3464 0.0000 0.9965
Car -1 -1 0.1847 458.5636 143.2784 476.1221 165.6066 1.0235 0.7571 0.6871 -6.3240 -0.7563 33.8439 0.0000 0.9454
Car -1 -1 0.2400 411.4698 137.0496 440.4482 169.3826 1.2243 0.7548 0.9407 -6.8176 -0.4753 27.8589 0.0000 0.9788
Car -1 -1 -0.2462 769.8329 171.6330 789.1098 247.9358 2.8622 0.8730 0.5172 -6.8803 0.3721 -27.3846 0.0000 0.9999
Car -1 -1 -0.2373 767.7974 138.6119 783.6307 161.0306 0.8425 0.5624 0.4752 6.7196 -0.7989 27.7861 0.0000 0.9956
Car -1 -1 0.8495 0.0000 81.8498 0.0000 210.4831 1.3941 0.3982 0.5720 -9.0760 0.3155 7.9818 0.0000 0.9999
Car -1 -1 -0.6103 1081.4675 180.0544 1118.0106 259.4721 1.3619 0.3764 0.3746 -8.7492 0.0265 -12.5097 0.0000 0.9999
Car -1 -1 -0.5812 1052.7620 164.4397 1087.8393 231.3330 1.7359 0.5935 0.5365 -12.4411 0.4445 -18.9406 0.0000 0.9997
Car -1 -1 -0.2062 725.7822 179.4166 773.8293 219.7461 2.1982 0.6696 2.5019 -8.2622 0.1157 -39.4906 0.0000 0.8603
Car -1 -1 1.4489 0.0000 201.9719 0.0000 373.0000 1.2045 1.0778 0.9569 15.3215 -0.0673 -1.8772 0.0000 0.9429
Car -1 -1 -0.2808 799.6516 133.6811 819.4352 161.2345 0.8446 0.3954 0.5048 6.4913 -0.6395 22.5064 0.0000 0.9870
Car -1 -1 0.2683 391.8100 154.9873 416.6935 172.6023 0.7664 0.2659 1.0193 -8.6639 -0.3911 31.5175 0.0000 0.5674
Car -1 -1 0.7151 0.0000 136.2638 9.3827 185.0800 0.8609 0.7292 0.4676 -11.3162 0.0644 13.0302 0.0000 0.9797
Car -1 -1 -0.2016 743.4106 144.5401 754.1412 163.1197 0.7026 0.4844 0.3165 5.6989 -0.7187 27.8836 0.0000 0.9997
Car -1 -1 0.1953 445.3763 148.2626 476.1082 184.5375 0.8099 0.3768 0.6209 -3.2101 0.0690 16.2234 0.0000 0.9992
Car -1 -1 0.3211 351.0667 157.8466 374.8644 176.6548 0.7305 0.3371 0.8214 -9.3635 -0.1900 28.1546 0.0000 0.9978
Car -1 -1 1.3616 0.0000 140.7603 0.0000 173.9468 0.1089 1.2039 0.8521 -15.2244 -0.0389 3.2316 0.0000 0.4977
Car -1 -1 -1.0045 1237.0000 121.6943 1237.0000 231.1446 1.3902 0.9134 0.8784 -15.0749 0.7613 -9.5834 0.0000 0.9750
Car -1 -1 -0.8290 1237.0000 119.1302 1237.0000 237.1825 1.9363 1.0929 0.8705 -13.4576 1.0247 -12.3312 0.0000 0.9999
Car -1 -1 0.1522 476.3426 167.8270 501.0873 203.1955 1.5759 0.6802 1.0085 4.9632 0.6113 -32.3502 0.0000 0.9948
Car -1 -1 0.4959 203.2413 160.3647 223.8918 184.7031 0.7855 0.3794 0.4676 -12.6432 0.1045 23.3700 0.0000 0.9999
Car -1 -1 1.0873 0.0000 159.5719 0.0000 192.6895 0.4305 0.9973 0.7488 -18.7295 0.1468 9.8333 0.0000 0.3451
Car -1 -1 -1.4289 1237.0000 61.6890 1237.0000 167.7686 0.3865 0.5610 0.3454 -20.8089 0.4502 -2.9732 0.0000 0.9070
Car -1 -1 0.8110 0.0000 113.7122 0.0000 320.9585 1.2591 0.6191 0.9471 4.9218 0.4134 -4.6764 0.0000 0.9797
Car -1 -1 0.3006 361.9226 159.4086 398.3333 191.6596 0.6963 0.5586 0.6290 -4.8939 0.2206 15.7861 0.0000 0.9977
Car -1 -1 0.1323 496.6069 165.0593 510.4451 195.7548 1.4589 0.4053 0.6070 4.5693 0.7835 -34.3464 0.0000 0.9999
Car -1 -1 1.0824 0.0000 188.5765 0.0000 237.3634 0.8671 1.4546 0.6447 -25.7901 1.0105 13.7022 0.0000 0.8172
Car -1 -1 1.1293 0.0000 176.9087 0.0000 250.3717 0.9709 1.1336 0.2081 -21.2814 0.9115 10.0577 0.0000 0.9943
Car -1 -1 1.3177 0.0000 167.0510 0.0000 265.1137 0.6338 0.9905 0.6245 -19.8531 0.5418 5.1352 0.0000 0.4170
Car -1 -1 -0.8153 1237.0000 129.4924 1237.0000 234.0991 1.4294 0.9455 0.8245 -10.9249 0.7123 -10.2909 0.0000 0.9994
Car -1 -1 -0.0831 649.2872 153.2373 668.4032 171.9987 0.7098 0.8533 0.6767 -2.3357 1.0883 -28.0400 0.0000 0.6107
Car -1 -1 -0.7215 1084.5379 82.5208 1237.0000 227.7396 1.3306 1.2645 2.0020 -6.3490 0.9085 -7.2166 0.0000 0.5546
Car -1 -1 -0.2796 793.6066 140.9961 815.2944 176.1293 0.9198 0.2633 0.4982 -5.4490 1.0645 -18.9808 0.0000 0.9994
Car -1 -1 -0.1824 713.2906 134.0220 749.5520 174.0530 1.1941 1.0348 0.9288 -4.0850 1.4309 -22.1409 0.0000 0.9957
Car -1 -1 -0.1496 694.4437 139.9287 720.1622 175.3980 1.3029 0.9464 0.8267 -4.0734 1.5385 -27.0261 0.0000 0.9883
Car -1 -1 -0.0044 596.4932 149.2681 607.9845 175.7995 1.1474 0.6233 0.4991 -0.1401 1.4020 -31.5152 0.0000 0.9992
Car -1 -1 -0.7863 1237.0000 93.9323 1237.0000 192.8730 1.1144 0.5533 0.3344 -8.3855 0.9879 -8.3700 0.0000 0.9998
Car -1 -1 -0.5550 987.2142 101.0345 1098.7851 206.6003 1.2368 0.6189 0.9739 -5.4122 0.9444 -8.7283 0.0000 0.9982
