Car -1 -1 0.8782 0.0000 41.3835 0.0000 192.1763 1.2681 0.7247 1.0181 -7.7470 0.1629 6.4274 0.0000 0.9828
Car -1 -1 0.2780 382.6773 182.0582 419.7991 252.9276 2.2425 1.4181 0.8112 6.7718 -0.3113 -23.7278 0.0000 0.9981
Car -1 -1 0.3172 326.4412 181.5695 413.0455 256.8788 2.2353 0.9672 2.3205 7.2271 -0.2714 -22.0143 0.0000 0.8331
Car -1 -1 1.2820 0.0000 276.2361 0.0000 374.0000 0.5034 2.3913 0.4744 19.1687 -0.9867 -5.6961 0.0000 0.5099
Car -1 -1 -1.4907 1241.0000 0.0000 1241.0000 117.1556 2.2200 2.3639 0.6990 24.0280 -0.2400 1.9287 0.0000 0.9988
Car -1 -1 -0.4789 926.7787 78.5660 1059.8998 181.0106 1.8528 2.6729 1.2325 7.4688 0.1479 14.3835 0.0000 0.9287
Car -1 -1 -0.4015 889.2850 92.8411 951.0075 178.8891 1.8988 1.8821 0.6323 7.1584 0.1335 16.8599 0.0000 0.9995
Car -1 -1 -0.3594 861.7232 99.6939 905.8934 177.5284 1.9509 1.5500 0.5654 7.0851 0.1175 18.8578 0.0000 0.9998
Car -1 -1 -0.2221 747.3798 185.8953 795.0621 242.7361 1.6289 1.3180 1.1346 -4.8861 -0.4026 -21.6409 0.0000 0.7782
Car -1 -1 -0.3142 833.8918 127.1054 856.9909 164.4733 1.7214 0.6996 0.8516 10.9662 -0.3957 33.7417 0.0000 0.9999
Car -1 -1 -0.1210 689.1095 136.7455 708.4936 167.7608 1.2893 0.5749 0.7450 3.6934 -0.2161 30.3744 0.0000 0.9911
Car -1 -1 -0.1851 734.1874 179.0963 751.7880 246.9881 2.1209 1.0948 0.3632 -4.3412 -0.2050 -23.1912 0.0000 0.9999
Car -1 -1 0.6771 6.0361 207.7645 47.1054 231.4396 0.5270 0.4130 0.6269 13.5691 -0.8261 -16.8780 0.0000 0.6195
Car -1 -1 1.1324 0.0000 194.0391 0.0000 320.8599 1.0634 0.3635 0.8355 13.4291 -0.1897 -6.2952 0.0000 0.9980
Car -1 -1 1.3957 0.0000 193.7980 0.0000 374.0000 1.9564 0.3064 0.2816 19.8807 -0.1061 -3.5177 0.0000 0.9999
Car -1 -1 0.1371 498.7656 181.0840 518.7719 225.7066 2.2398 0.6158 0.9299 5.0539 -0.4211 -36.6413 0.0000 0.9986
Car -1 -1 -1.2287 1241.0000 44.3127 1241.0000 140.7129 0.5993 0.2768 0.5220 13.2367 -0.2159 4.7134 0.0000 0.9479
Car -1 -1 0.2070 437.6523 178.2881 475.0524 222.7349 1.7760 0.5982 1.3867 6.1332 -0.2218 -29.2060 0.0000 0.9956
Car -1 -1 0.3489 332.5943 191.8113 357.5790 214.7778 0.7419 0.5212 0.6400 8.7322 -0.6370 -24.0015 0.0000 0.9772
Car -1 -1 1.5136 0.0000 368.9556 0.0000 374.0000 1.0192 0.5798 0.1781 27.9023 -0.5116 -1.5966 0.0000 0.9999
Car -1 -1 -1.3758 1241.0000 143.0364 1241.0000 374.0000 1.8268 2.1388 2.1290 -18.7759 0.1093 -3.7091 0.0000 0.6530
Car -1 -1 0.1929 436.3042 138.7237 506.0100 204.6984 1.1012 0.7192 1.0603 -2.4216 0.5319 12.4002 0.0000 0.9294
Car -1 -1 0.1652 477.6540 166.4223 498.0840 188.9581 1.0248 0.6875 0.8228 5.5268 0.2928 -33.1564 0.0000 0.5142
Car -1 -1 -1.3718 1241.0000 23.0233 1241.0000 219.5474 0.8159 0.7281 0.6766 -16.6712 0.6224 -3.3625 0.0000 0.9939
Car -1 -1 -0.3119 831.2315 168.1208 857.0611 192.3920 0.7941 0.5726 0.6691 7.7029 0.6396 23.8894 0.0000 0.9996
Car -1 -1 1.2510 0.0000 142.1257 0.0000 316.3952 1.2228 2.5109 0.5379 19.0881 0.2160 -6.3209 0.0000 0.6768
Car -1 -1 -0.2213 724.0449 125.3344 816.4878 242.3255 1.0729 1.3447 0.6344 -1.6403 0.4362 -7.2922 0.0000 0.9865
Car -1 -1 -0.1491 702.0500 153.1084 729.7512 180.4584 0.7130 0.5434 0.6525 -2.8671 0.5151 -19.0854 0.0000 0.9845
Car -1 -1 0.2245 415.0230 143.4843 465.0596 210.5945 1.0035 0.7160 0.6048 2.5466 0.4395 -11.1496 0.0000 0.9887
Car -1 -1 0.8078 0.0000 160.3539 0.0000 186.4114 0.3923 0.4642 0.1931 11.6058 0.1885 -11.0972 0.0000 0.9990
Car -1 -1 1.1708 0.0000 132.2380 0.0000 201.2625 0.6802 0.2993 0.1691 17.1767 0.4006 -7.2623 0.0000 0.9987
Car -1 -1 0.2062 445.1774 161.1506 468.6614 178.9934 0.6741 0.6815 0.7542 5.7736 0.4425 -27.6038 0.0000 0.4078
Car -1 -1 0.2977 376.0913 155.4628 395.4208 183.4483 0.7333 0.3632 0.3987 5.8584 0.4561 -19.0909 0.0000 0.9993
Car -1 -1 0.9528 0.0000 152.5420 0.0000 183.6661 0.3414 0.7202 0.5303 11.6412 0.2231 -8.2765 0.0000 0.5169
Car -1 -1 -0.4085 878.3732 167.1283 959.7063 278.0832 1.6840 0.4964 1.0495 -4.8495 0.0873 -11.2022 0.0000 0.9936
Car -1 -1 -1.4894 1241.0000 0.0000 1241.0000 227.5127 0.5884 0.3937 1.1413 -9.7890 0.5434 -0.7986 0.0000 0.6934
Car -1 -1 0.9892 0.0000 152.1652 0.0000 200.4804 0.3161 1.7071 0.8908 8.4818 0.1357 -5.5762 0.0000 0.6265
Car -1 -1 -0.4004 853.5234 111.6940 976.1231 223.3252 0.9373 1.3550 0.5713 -2.8521 0.5139 -6.7386 0.0000 0.9910
Car -1 -1 -0.3247 847.0591 197.8212 871.7040 260.3328 0.5332 0.2535 0.1302 2.1479 0.7588 6.3800 0.0000 0.9998
Car -1 -1 0.6837 0.0000 0.0000 39.7760 90.8232 0.4476 0.1555 0.1371 2.2033 0.7639 -2.7041 0.0000 0.9999
Car -1 -1 -0.9217 1241.0000 282.8742 1241.0000 374.0000 0.5021 0.1286 0.1494 2.1749 0.7644 1.6503 0.0000 0.9999
Car -1 -1 -0.3477 846.0570 169.7253 890.3777 272.3139 1.7610 0.6116 0.5603 -4.6001 0.0541 -12.6941 0.0000 0.9999
Car -1 -1 -0.2906 784.7917 172.3209 866.2047 269.5592 1.8429 2.2047 1.0075 -4.4201 0.0105 -14.7799 0.0000 0.9992
Car -1 -1 -0.2585 784.3637 175.7319 812.2110 260.3798 1.8846 1.1935 0.3324 -4.4169 -0.0686 -16.7045 0.0000 0.9997
