Car -1 -1 0.4015 260.3036 40.1851 355.7980 209.9913 1.5625 0.4460 0.7219 -2.9128 0.3421 6.8598 0.0000 0.9999
Car -1 -1 0.5072 180.9180 0.0000 251.4505 230.2904 1.5364 0.4243 0.2422 -2.6903 0.3691 4.8412 0.0000 0.9999
Car -1 -1 1.1871 0.0000 153.7747 0.0000 374.0000 1.9719 0.1546 0.6037 11.4193 0.1201 -4.6101 0.0000 0.9996
Car -1 -1 1.2531 0.0000 211.9889 0.0000 374.0000 2.2886 0.9422 0.7536 27.6260 -0.5177 -9.0834 0.0000 0.9998
Car -1 -1 1.3171 0.0000 269.7843 0.0000 374.0000 1.0181 0.7352 0.5523 20.4805 -0.7620 -5.3104 0.0000 0.9726
Car -1 -1 -1.3708 1241.0000 0.0000 1241.0000 254.6442 1.9484 0.5741 0.6508 10.7694 0.2156 2.1835 0.0000 0.9996
Car -1 -1 -1.3777 1241.0000 0.0000 1241.0000 62.8236 1.0271 0.6217 0.7012 20.8841 -0.6702 4.0835 0.0000 0.9048
Car -1 -1 -1.2020 1241.0000 0.0000 1241.0000 196.1837 2.1618 0.5666 0.7212 14.4263 0.1716 5.5752 0.0000 0.9997
Car -1 -1 -1.1812 1241.0000 0.0000 1241.0000 207.9994 1.9381 0.3707 0.4416 10.9730 0.2109 4.5048 0.0000 0.9998
Car -1 -1 -0.8215 1241.0000 95.6847 1241.0000 143.9782 0.8410 0.8028 0.5135 14.4514 -0.5538 13.4439 0.0000 0.9571
Car -1 -1 0.9410 0.0000 72.6692 0.0000 187.7203 1.7673 0.6689 0.8571 -15.6615 0.2287 11.4153 0.0000 1.0000
Car -1 -1 1.0889 0.0000 18.1918 0.0000 200.1613 1.6669 1.1592 1.2086 -13.7386 0.2505 7.1862 0.0000 0.9939
Car -1 -1 -1.3040 1241.0000 183.3754 1241.0000 374.0000 1.7084 0.8019 0.8278 -24.9280 -0.1048 -6.8122 0.0000 0.9999
Car -1 -1 -1.0725 1241.0000 218.1941 1241.0000 249.6623 0.5023 0.6140 0.0876 -23.3640 -0.8175 -12.7110 0.0000 0.9888
Car -1 -1 -0.9752 1241.0000 201.9663 1241.0000 252.3759 0.9982 1.1990 0.2074 -22.9930 -0.6525 -15.5829 0.0000 0.9960
Car -1 -1 0.7287 0.0000 216.3625 26.1374 248.1084 0.6841 2.6603 1.4233 18.3228 -1.3175 -20.5269 0.0000 0.5693
Car -1 -1 1.4688 0.0000 374.0000 0.0000 374.0000 0.6444 1.0523 0.6493 34.1291 -1.5241 -3.4924 0.0000 0.8181
Car -1 -1 1.4033 0.0000 354.8207 0.0000 374.0000 0.6412 0.7379 0.7426 34.1392 -1.5475 -5.7714 0.0000 0.4051
Car -1 -1 1.1664 0.0000 11.6709 0.0000 195.0734 1.6628 0.3088 0.4431 -15.6376 0.2018 6.6933 0.0000 0.9999
Car -1 -1 -1.4265 1241.0000 183.6480 1241.0000 374.0000 1.4285 0.3321 0.1247 -26.3046 -0.0593 -3.8217 0.0000 0.9999
Car -1 -1 -1.0108 1241.0000 182.7280 1241.0000 259.3165 1.4647 1.1385 0.2414 -23.1538 -0.2061 -14.5175 0.0000 0.9999
Car -1 -1 1.3804 0.0000 0.0000 0.0000 161.7534 1.5120 1.2054 1.5218 -24.9744 -0.0830 4.8124 0.0000 0.7253
Car -1 -1 -0.4910 991.5207 129.7740 1002.8489 159.4407 0.9292 0.2447 0.2270 12.2057 -0.4264 22.8305 0.0000 0.9999
Car -1 -1 -0.4531 951.5195 137.1345 973.3959 157.4818 0.7962 0.5901 0.5899 14.1079 -0.6233 28.9738 0.0000 0.9988
Car -1 -1 -1.3691 1241.0000 172.4275 1241.0000 285.8218 1.0884 0.9685 0.3937 -36.2433 0.0045 -7.4124 0.0000 0.9931
Car -1 -1 -0.0817 658.9653 181.4982 675.0808 233.8249 1.8078 0.5679 0.5200 -2.0720 -0.3062 -25.3082 0.0000 0.9998
Car -1 -1 0.7432 0.0000 185.6797 0.0000 210.1944 0.9270 0.9173 0.6009 25.9401 -0.5095 -28.2247 0.0000 0.9856
Car -1 -1 1.0691 0.0000 170.4005 0.0000 255.5394 1.9524 2.1787 1.2661 32.1574 0.0566 -17.6385 0.0000 0.7809
Car -1 -1 -1.2220 1241.0000 193.5835 1241.0000 313.3247 1.8579 2.7708 0.8516 -35.9219 -0.4147 -13.0630 0.0000 0.9684
Car -1 -1 0.9840 0.0000 134.5423 0.0000 206.4313 1.1555 0.3337 0.3598 -17.6900 0.5401 11.7616 0.0000 0.9999
Car -1 -1 -1.0662 1241.0000 160.1267 1241.0000 214.4219 0.9472 0.7317 0.3498 -23.4577 0.2224 -12.9565 0.0000 0.9994
Car -1 -1 -0.4883 982.8096 158.8648 1006.7889 199.3971 1.2652 0.5705 0.4534 12.1127 0.8289 22.8048 0.0000 0.9998
Car -1 -1 0.0183 588.8153 163.2954 606.7749 195.0207 1.2187 0.5583 0.6877 -0.5128 0.8519 27.9934 0.0000 0.9999
Car -1 -1 0.6274 74.0828 190.7589 102.6347 208.5431 0.4780 0.6283 0.3510 -14.7462 0.9909 20.3372 0.0000 0.9872
Car -1 -1 0.7531 0.0000 167.7607 0.0000 185.4363 0.5002 0.9281 0.6158 19.5765 0.1445 -20.8859 0.0000 0.4106
Car -1 -1 1.0807 0.0000 111.7310 0.0000 246.6969 1.1062 0.2222 0.5275 11.2983 0.5013 -6.0277 0.0000 0.9997
Car -1 -1 0.0100 544.2075 151.0195 652.2334 182.9163 0.5654 2.6754 1.9150 0.1412 0.3874 -14.1314 0.0000 0.5443
Car -1 -1 -1.1324 1241.0000 183.2630 1241.0000 310.5967 1.7526 2.2093 1.0801 -23.9298 -0.1774 -11.2194 0.0000 0.8877
Car -1 -1 0.7822 0.0000 155.8925 0.0000 174.6860 0.4805 1.6597 1.3091 19.1562 0.4340 -19.2806 0.0000 0.5122
Car -1 -1 1.3881 0.0000 74.9192 0.0000 303.0103 1.1877 0.6201 0.4481 22.0264 0.5103 -4.0699 0.0000 0.9999
Car -1 -1 -1.0246 1241.0000 170.5174 1241.0000 222.9768 0.8813 0.4233 0.3089 20.2846 0.8424 12.3299 0.0000 0.9994
Car -1 -1 -0.8189 1241.0000 147.4306 1241.0000 211.6224 1.1735 0.3721 0.3544 14.3001 0.7091 13.3737 0.0000 0.9997
Car -1 -1 -0.9455 1241.0000 186.0757 1241.0000 263.2067 1.7226 0.9266 0.9947 -23.1858 -0.3148 -16.7397 0.0000 0.9933
Car -1 -1 -0.6727 1165.5315 181.7281 1210.2525 221.8624 0.7586 0.7328 0.2907 11.2843 0.9377 14.1646 0.0000 0.9929
Car -1 -1 -0.4112 918.1682 189.6055 933.9547 208.7328 0.6020 0.3244 0.3643 10.0956 1.1437 23.1529 0.0000 0.9994
Car -1 -1 1.1518 0.0000 103.8464 0.0000 162.4699 0.6395 2.8887 2.3500 22.0675 0.8020 -9.8295 0.0000 0.6167
Car -1 -1 1.2641 0.0000 75.0252 0.0000 135.7409 0.4621 1.9748 1.0453 24.2818 0.9087 -7.6893 0.0000 0.5299
Car -1 -1 -1.0324 1241.0000 194.5758 1241.0000 276.4915 0.6844 0.4357 0.4460 10.6470 0.8828 6.3586 0.0000 0.9868
Car -1 -1 0.7918 0.0000 226.8633 0.0000 242.2591 0.3169 0.9140 0.4122 18.7543 -1.4196 -18.5159 0.0000 0.5446
