Car -1 -1 0.6538 0.0000 183.7512 139.7500 292.9453 1.4670 1.5710 1.5499 8.1517 -0.1721 -10.6384 0.0000 0.9638
Car -1 -1 0.7335 0.0000 149.7054 0.0000 374.0000 1.3336 0.2591 0.3153 3.6644 0.1266 -4.0658 0.0000 0.9997
Car -1 -1 -1.0534 1241.0000 34.6079 1241.0000 137.6793 0.9669 1.0808 1.0391 13.4869 -0.4003 7.6751 0.0000 0.3725
Car -1 -1 -0.3000 786.3949 83.7830 891.0351 180.1596 1.4901 1.0354 1.3641 3.6100 0.1133 11.6706 0.0000 0.9932
Car -1 -1 -0.0477 636.7794 126.7362 654.0973 170.8502 1.9303 0.3752 0.7440 1.5180 -0.0884 31.7737 0.0000 0.9999
Car -1 -1 1.5304 0.0000 0.0000 0.0000 27.8393 1.0786 1.1977 1.1058 -25.3171 -0.3261 1.0228 0.0000 0.9882
Car -1 -1 -0.7761 1241.0000 193.2259 1241.0000 238.2550 1.3455 2.0775 0.9492 -23.1056 -0.6936 -23.5416 0.0000 0.6233
Car -1 -1 -0.4834 968.5556 188.2368 1005.1022 238.5367 1.5651 0.7370 0.7819 -12.0999 -0.4988 -23.0475 0.0000 0.9880
Car -1 -1 0.4774 206.8359 190.1775 259.7572 256.4154 1.6687 0.9382 0.8964 9.7748 -0.4645 -18.8950 0.0000 0.9999
Car -1 -1 0.7228 0.0000 200.4756 15.6174 261.7459 1.4437 1.4161 1.1223 16.1871 -0.7291 -18.3503 0.0000 0.9946
Car -1 -1 -1.3949 1241.0000 303.1118 1241.0000 374.0000 0.3537 0.3139 0.3364 -11.4358 -0.3943 -2.0321 0.0000 0.8940
Car -1 -1 0.8539 0.0000 215.9701 0.0000 264.2778 0.9577 0.5660 0.7088 17.3205 -0.9185 -15.0958 0.0000 0.9718
Car -1 -1 -0.8639 1241.0000 188.0031 1241.0000 250.0282 1.7825 0.6149 0.6620 -24.8128 -0.4511 -21.1959 0.0000 0.9998
Car -1 -1 -0.5510 1019.2036 182.6512 1086.1697 242.0124 2.4885 2.1118 1.6406 -19.4496 -0.4438 -31.6545 0.0000 0.9971
Car -1 -1 -0.5167 1002.2810 192.2691 1035.0477 228.5554 1.6114 1.5151 0.6672 -19.0988 -0.9244 -33.6121 0.0000 0.9982
Car -1 -1 -0.4438 941.9117 201.5782 961.0807 216.8486 0.7666 0.3610 0.8140 -17.6295 -1.4830 -37.0825 0.0000 0.9617
Car -1 -1 0.6056 84.8345 201.7814 130.8358 245.5328 1.4738 0.9287 0.9726 17.5765 -1.0360 -25.3872 0.0000 0.9364
Car -1 -1 1.0867 0.0000 222.0054 0.0000 320.5560 1.1645 0.5438 0.7154 17.2533 -0.6359 -9.0715 0.0000 0.9981
Car -1 -1 1.4912 0.0000 0.0000 0.0000 78.8862 0.8134 1.0278 0.3772 -32.8921 -0.4085 2.6231 0.0000 0.9364
Car -1 -1 -1.1980 1241.0000 179.9677 1241.0000 373.1732 1.5003 2.3445 1.3864 -17.5511 -0.0788 -6.8643 0.0000 0.4865
Car -1 -1 -0.6286 1110.1245 190.9349 1156.4571 215.1421 0.8948 1.6716 0.6332 -20.9055 -0.7412 -28.7585 0.0000 0.8404
Car -1 -1 -0.3072 819.3305 186.7172 854.7481 228.6978 1.3362 1.0169 0.8482 -7.5542 -0.4669 -23.8136 0.0000 0.8551
Car -1 -1 1.4924 0.0000 374.0000 0.0000 374.0000 0.7943 1.2396 0.5977 18.9706 -0.6213 -1.4904 0.0000 0.6485
Car -1 -1 -0.7289 1229.3369 130.3976 1241.0000 161.4821 0.6731 1.1301 0.2740 14.8244 -0.2702 16.6008 0.0000 0.4899
Car -1 -1 -0.0223 625.5511 88.8474 633.1053 185.7755 1.5849 0.7317 0.1073 0.2715 0.2116 12.1611 0.0000 0.9998
Car -1 -1 -0.4422 942.2142 183.1112 957.9153 197.6667 0.7362 0.4110 0.6109 -17.5125 -0.5284 -36.9899 0.0000 0.9702
Car -1 -1 -0.5965 1079.7744 137.4990 1124.6772 163.9319 0.6487 0.7594 0.6230 12.4524 -0.2311 18.3395 0.0000 0.3664
Car -1 -1 -1.1924 1241.0000 74.1191 1241.0000 374.0000 2.4087 0.6189 0.7291 -11.3383 0.5744 -4.5075 0.0000 0.9998
Car -1 -1 0.4705 233.7801 157.5429 254.6050 177.8426 0.6779 0.8080 0.2980 -12.4604 0.1670 24.4978 0.0000 0.9789
Car -1 -1 0.5136 170.3970 146.3554 236.4890 206.8075 1.6889 1.5903 1.0242 -11.8168 0.9489 20.9503 0.0000 0.9995
Car -1 -1 0.4079 284.7478 186.8279 307.2093 211.8181 0.9056 0.6224 0.5640 11.5854 -0.5248 -26.8092 0.0000 0.9962
Car -1 -1 0.5451 138.5918 178.7824 199.4399 219.4641 0.9785 0.6483 1.1030 10.7779 -0.1483 -17.7755 0.0000 0.9800
Car -1 -1 0.7796 0.0000 194.1319 0.0000 238.0125 0.9606 0.7545 1.1351 16.3501 -0.4985 -16.5413 0.0000 0.4614
Car -1 -1 -0.5233 993.8394 159.1932 1065.8279 181.3016 0.4875 1.3799 0.8526 9.5754 0.1866 16.5985 0.0000 0.4648
Car -1 -1 -1.2992 1241.0000 123.1444 1241.0000 227.0032 1.0542 0.7360 0.6849 -27.6334 0.5049 -7.6944 0.0000 0.9599
Car -1 -1 -0.5689 1053.9766 164.5971 1085.7929 185.8006 0.9346 0.9572 0.8128 -20.6444 0.3643 -32.2845 0.0000 0.5861
Car -1 -1 0.4522 250.4156 175.7991 270.6718 200.7688 0.9527 0.6605 0.4648 -13.5685 1.0684 27.9339 0.0000 0.9994
Car -1 -1 -0.8340 1241.0000 137.3095 1241.0000 182.0517 1.1377 1.6030 1.3378 -21.1097 0.9042 -19.1513 0.0000 0.5126
Car -1 -1 1.4161 0.0000 262.0817 0.0000 374.0000 0.9178 0.8669 0.7034 -21.0664 1.3785 3.2860 0.0000 0.9046
Car -1 -1 -0.3179 835.8854 135.7688 852.1674 190.9107 1.0409 0.3755 0.1896 -4.5448 0.7004 -13.8111 0.0000 0.9999
Car -1 -1 -0.8010 1241.0000 127.2532 1241.0000 147.4295 0.4605 0.7903 0.5408 -18.4290 1.1040 -17.8612 0.0000 0.5339
Car -1 -1 1.0349 0.0000 113.7850 0.0000 188.5895 0.4353 0.4084 0.3189 7.4197 0.3441 -4.4059 0.0000 0.9824
Car -1 -1 -0.3856 878.4418 164.7839 923.0492 264.6473 2.7320 0.7240 0.9506 -8.1609 0.2211 -20.1042 0.0000 0.9998
Car -1 -1 -1.1771 1241.0000 8.6711 1241.0000 94.1322 0.7686 1.5934 1.0378 -21.0780 1.8109 -8.7564 0.0000 0.5096
Car -1 -1 -1.1107 1241.0000 62.6457 1241.0000 88.4982 0.4811 1.1112 0.4547 -35.5367 2.6053 -17.6127 0.0000 0.7408
Car -1 -1 -1.3209 1241.0000 0.0000 1241.0000 48.4895 0.8129 0.5053 0.8119 -21.4156 1.7983 -5.4655 0.0000 0.5026
Car -1 -1 1.0369 0.0000 5.4668 0.0000 105.7846 0.3274 0.1981 0.1147 4.3801 0.5774 -2.5893 0.0000 0.9998
Car -1 -1 -0.0266 610.8613 374.0000 654.5942 374.0000 0.6063 0.2078 0.6841 0.3030 5.1255 11.3942 0.0000 0.9844
Car -1 -1 -0.3223 824.0269 192.8734 871.5485 243.7839 0.9518 0.4167 0.7754 -4.6298 -0.3900 -13.8647 0.0000 0.9212
