Car -1 -1 -1.2051 1241.0000 222.2605 1241.0000 352.8953 0.5657 1.1544 0.6556 -10.8148 -0.3225 -4.1413 0.0000 0.4644
Car -1 -1 -0.4783 938.1159 169.2584 1027.6110 260.4201 2.6260 1.1444 2.0569 -11.0737 0.1039 -21.3593 0.0000 0.9134
Car -1 -1 0.8949 0.0000 226.6275 0.0000 268.2695 0.5306 2.3647 1.0260 16.7508 -1.0886 -13.4324 0.0000 0.6343
Car -1 -1 -0.7989 1241.0000 70.9989 1241.0000 151.0108 0.8927 2.7695 0.7748 10.4660 -0.3501 10.1880 0.0000 0.3793
Car -1 -1 -1.2383 1241.0000 147.3654 1241.0000 374.0000 1.5253 0.6944 1.5386 -12.0349 0.1348 -4.1562 0.0000 0.7411
Car -1 -1 -0.2586 786.9543 192.6018 811.1025 228.8701 1.4274 0.5013 0.8363 -7.6499 -0.7980 -28.9232 0.0000 0.9974
Car -1 -1 1.0732 0.0000 71.8747 0.0000 141.6535 0.5176 0.5068 0.5954 -10.7310 -0.2628 5.8294 0.0000 0.9922
Car -1 -1 -0.5322 1008.7442 175.9395 1058.2021 237.2556 2.2987 1.1737 1.2088 -16.3113 -0.1206 -27.6983 0.0000 0.9998
Car -1 -1 -0.4133 899.7009 185.6766 950.0038 221.0327 1.1852 1.0633 1.2856 -11.0117 -0.4552 -25.1082 0.0000 0.8342
Car -1 -1 -0.4454 930.6267 176.7218 975.7096 215.4891 1.5468 1.4276 1.1724 -14.1552 -0.1624 -29.6481 0.0000 0.9971
Car -1 -1 -0.1902 739.7244 185.8284 754.5461 207.6342 0.9137 0.4044 0.5530 -5.9068 -0.5549 -30.6788 0.0000 0.9963
Car -1 -1 0.9563 0.0000 166.8694 0.0000 214.8193 0.7849 1.2380 0.4959 17.6184 0.0983 -12.4326 0.0000 0.4337
Car -1 -1 0.8790 0.0000 164.3675 0.0000 206.8063 0.5606 0.2665 1.0033 -11.6638 0.4489 9.6623 0.0000 0.4083
Car -1 -1 -0.8708 1241.0000 133.7400 1241.0000 245.8373 1.5291 0.5334 0.9841 -12.0039 0.5339 -10.1116 0.0000 0.9997
Car -1 -1 1.1966 0.0000 141.6772 0.0000 271.1220 0.6872 0.5933 0.5893 -10.5033 0.5221 4.1246 0.0000 0.4917
Car -1 -1 1.2487 0.0000 0.0000 0.0000 270.1653 1.3374 2.0520 1.4836 -7.6082 0.2048 2.5388 0.0000 0.9286
Car -1 -1 0.4503 247.0522 147.5853 269.2325 172.0928 0.6134 0.5504 0.2961 8.8740 0.6334 -18.3546 0.0000 0.9997
Car -1 -1 -1.3332 1241.0000 15.9637 1241.0000 218.6060 0.9808 0.6853 0.5077 -15.8463 0.7598 -3.8378 0.0000 0.9676
Car -1 -1 -0.1560 716.6832 191.3961 733.6838 222.6346 0.8809 0.6170 0.3964 3.3053 1.4294 21.0195 0.0000 0.9971
Car -1 -1 -0.7296 1209.8075 108.4791 1241.0000 134.5526 0.4319 1.1269 0.7131 -12.6742 1.2144 -14.1740 0.0000 0.4895
Car -1 -1 -0.9793 1241.0000 202.0944 1241.0000 232.2719 0.1257 0.8701 0.7066 6.3739 0.3174 4.2819 0.0000 0.5401
Car -1 -1 0.6834 0.0000 146.5888 319.6703 324.1610 0.5427 2.8361 1.7253 -2.9479 0.4628 3.6205 0.0000 0.5467
Car -1 -1 -1.0148 1241.0000 63.0538 1241.0000 156.1096 0.6162 0.5162 0.4733 -8.2589 0.7416 -5.1318 0.0000 0.9946
Car -1 -1 -0.2948 807.4972 192.1634 857.7758 230.2739 0.8651 2.7359 0.4873 5.8076 1.4140 19.1296 0.0000 0.7333
Car -1 -1 0.9744 0.0000 228.2208 0.0000 311.4348 0.2640 1.2378 0.3399 -5.4924 0.5981 3.7284 0.0000 0.5018
Car -1 -1 0.3514 311.8896 253.7983 380.9725 272.2700 0.1107 1.5524 0.5734 -4.3629 1.5332 11.8988 0.0000 0.6739
Car -1 -1 -0.9030 1241.0000 35.2038 1241.0000 67.9446 0.1211 0.8552 0.6913 -7.4040 1.0322 -5.8393 0.0000 0.5692
Car -1 -1 0.3577 307.3644 270.9248 377.1801 286.6538 0.0679 1.0918 0.6084 -3.9112 1.5653 10.4652 0.0000 0.6071
