Car -1 -1 0.7375 0.0000 31.6627 1.1505 211.6539 1.6093 0.3365 0.4556 -6.0110 0.3473 6.6166 0.0000 0.9999
Car -1 -1 1.0963 0.0000 243.3044 0.0000 286.8548 0.6803 0.8426 0.5709 25.4208 -1.3155 -13.0580 0.0000 0.5962
Car -1 -1 1.1840 0.0000 249.6478 0.0000 322.3619 0.8858 0.4289 0.4659 23.2286 -1.0290 -9.4600 0.0000 0.9967
Car -1 -1 -1.1245 1241.0000 0.0000 1241.0000 200.8711 1.5850 0.3595 0.3585 8.2435 0.1467 3.9448 0.0000 0.9999
Car -1 -1 -0.7104 1202.3546 35.6069 1241.0000 187.1455 1.5044 0.3921 0.3607 6.3275 0.1422 7.3562 0.0000 0.9994
Car -1 -1 -0.6422 1117.3340 109.1415 1186.2489 161.3920 1.7909 1.3203 1.4606 19.2073 -0.4181 25.6776 0.0000 0.9972
Car -1 -1 -0.4784 966.8173 96.1900 1006.8263 173.2814 1.6598 0.6501 0.5395 8.2238 0.0096 15.8575 0.0000 0.9999
Car -1 -1 0.6566 34.0575 124.9400 75.3294 170.0011 1.6966 1.2076 0.6642 -21.4565 -0.1121 27.8436 0.0000 0.9996
Car -1 -1 1.5569 0.0000 0.0000 0.0000 0.0000 0.5349 0.7629 0.0427 -28.6038 -0.6776 0.3983 0.0000 0.9647
Car -1 -1 -1.4694 1241.0000 284.6336 1241.0000 374.0000 0.8290 1.3628 0.7846 -26.5580 -0.5235 -2.7027 0.0000 0.6869
Car -1 -1 -1.2876 1241.0000 204.9555 1241.0000 341.5303 1.3144 0.8663 0.5452 -26.0596 -0.3562 -7.5836 0.0000 0.9975
Car -1 -1 -0.9761 1241.0000 199.9066 1241.0000 250.9643 1.0578 1.9191 1.0080 -25.0277 -0.6702 -16.9275 0.0000 0.3944
Car -1 -1 -0.7063 1201.5391 185.9678 1241.0000 237.5529 1.2103 0.4980 0.6060 -14.7647 -0.3187 -17.3075 0.0000 0.9980
Car -1 -1 0.8746 0.0000 219.3668 0.0000 257.6511 0.9579 1.0584 0.5893 23.7741 -1.3146 -19.8713 0.0000 0.9892
Car -1 -1 0.9737 0.0000 226.7838 0.0000 270.8792 0.9011 0.8059 1.0352 23.7344 -1.2356 -16.1358 0.0000 0.7181
Car -1 -1 -0.9139 1241.0000 202.1211 1241.0000 239.8290 0.9683 0.7594 0.6363 -25.2884 -0.8059 -19.4994 0.0000 0.9972
Car -1 -1 0.8392 0.0000 215.2463 0.0000 243.6150 0.6879 0.7056 0.4440 21.0596 -1.1310 -18.9070 0.0000 0.8553
Car -1 -1 1.4615 0.0000 291.4319 0.0000 374.0000 0.9110 1.6601 1.2326 18.6059 -0.4710 -2.0410 0.0000 0.7850
Car -1 -1 -1.2957 1241.0000 0.0000 1241.0000 87.5524 0.8680 0.5906 0.3797 19.8462 -0.6971 5.6012 0.0000 0.9990
Car -1 -1 -0.3112 832.8480 121.4022 853.6312 167.8762 1.7738 0.4288 0.6619 8.9403 -0.1929 27.7968 0.0000 0.9999
Car -1 -1 0.6254 79.9345 112.1982 101.4663 178.0544 1.8060 0.3160 0.3680 -14.4003 0.1430 19.9427 0.0000 0.9998
Car -1 -1 -1.3765 1241.0000 173.0441 1241.0000 374.0000 1.6013 2.8521 0.4481 -26.2067 -0.0014 -5.1574 0.0000 0.9565
Car -1 -1 -0.9777 1241.0000 124.5947 1241.0000 142.5827 0.2973 0.6000 0.3861 19.6314 -0.5675 13.2324 0.0000 0.4984
Car -1 -1 -1.3204 1241.0000 245.5345 1241.0000 322.5801 0.5214 1.3047 0.4654 -26.4672 -0.7469 -6.7692 0.0000 0.4034
Car -1 -1 0.6411 60.1498 154.6984 84.9990 175.7654 0.8377 0.5861 0.5620 -21.6253 0.1161 28.9812 0.0000 0.9864
Car -1 -1 -1.0598 1241.0000 172.2356 1241.0000 235.8078 1.2850 1.2205 0.9627 -27.1029 0.0129 -15.1971 0.0000 0.9982
Car -1 -1 -0.9428 1241.0000 153.3021 1241.0000 219.5359 1.4839 0.5714 0.5985 -22.6647 0.4384 -16.4540 0.0000 0.9998
Car -1 -1 -0.8093 1241.0000 139.3437 1241.0000 159.4865 0.4424 0.8430 0.4423 17.6492 -0.3192 16.8242 0.0000 0.6140
Car -1 -1 1.4542 0.0000 118.2002 0.0000 283.3739 0.5704 1.6698 0.2389 -28.3866 0.3820 3.3240 0.0000 0.6819
Car -1 -1 -1.4662 1241.0000 102.1970 1241.0000 292.6433 0.7340 0.7265 0.1429 -29.9789 0.2727 -3.1468 0.0000 0.9987
Car -1 -1 -0.9916 1241.0000 141.5328 1241.0000 216.5164 1.6456 1.6061 1.6101 -25.4427 0.6878 -16.6411 0.0000 0.9860
Car -1 -1 1.1441 0.0000 153.7954 0.0000 231.2953 1.0120 1.0936 0.9351 -21.9180 0.7635 9.9655 0.0000 0.9529
Car -1 -1 -1.4567 1241.0000 0.0000 1241.0000 100.7911 0.4573 1.7340 0.4381 -24.5531 0.8250 -2.8136 0.0000 0.6292
Car -1 -1 0.5022 192.3436 175.7000 228.2488 275.2044 2.1955 0.4604 0.5495 8.8784 -0.0643 -16.1661 0.0000 0.9998
Car -1 -1 -0.9197 1241.0000 130.4792 1241.0000 167.7571 1.0218 0.5691 0.6888 -26.4351 1.1665 -20.1435 0.0000 0.9987
Car -1 -1 -0.6834 1170.8447 147.5282 1220.3017 181.3009 0.9337 0.8115 0.7361 -16.5771 0.7005 -20.3569 0.0000 0.9405
Car -1 -1 -0.5907 1083.2843 146.0642 1100.9974 162.1225 0.6955 0.4375 0.4871 -21.3007 1.1715 -31.7652 0.0000 0.8237
Car -1 -1 1.0250 0.0000 227.3309 0.0000 249.8470 0.1822 2.1568 0.5238 -19.9732 1.1801 12.1312 0.0000 0.5857
Car -1 -1 -1.4599 1241.0000 0.0000 1241.0000 0.0000 0.1726 0.9020 0.1273 -25.7590 1.3491 -2.8672 0.0000 0.4313
Car -1 -1 -1.2880 1241.0000 29.5093 1241.0000 73.3241 0.3211 0.8374 0.7750 -26.1962 1.4287 -7.6112 0.0000 0.6132
Car -1 -1 0.3402 346.5430 152.0077 358.5544 170.0145 0.6817 0.4103 0.3131 9.7650 0.7915 -27.5899 0.0000 0.9999
Car -1 -1 0.9886 0.0000 219.8093 0.0000 264.0907 0.3983 1.9562 1.0355 -14.4902 1.0832 9.5391 0.0000 0.4477
Car -1 -1 1.0937 0.0000 234.0903 0.0000 259.5187 0.2797 0.8482 0.5040 -20.1193 1.1990 10.4007 0.0000 0.7149
Car -1 -1 -1.5233 1241.0000 0.0000 1241.0000 0.0000 0.2585 1.3500 0.2218 -20.3572 1.3148 -0.9671 0.0000 0.4666
Car -1 -1 0.7467 0.0000 85.9446 0.0000 131.0661 0.2883 0.2268 0.2437 4.5691 0.5810 -4.9371 0.0000 0.9008
Car -1 -1 0.7629 0.0000 201.0789 0.0000 262.7547 1.6823 0.6818 0.6380 19.4414 -0.8084 -20.3364 0.0000 0.9994
