Car -1 -1 0.4254 269.4693 120.4030 302.5426 164.9335 1.0565 0.6179 0.5313 -7.8359 -0.3861 17.2951 0.0000 0.9999
Car -1 -1 -1.4559 1223.0000 331.1403 1223.0000 369.0000 0.1653 0.8639 0.2308 -24.9790 -0.7035 -2.8833 0.0000 0.5750
Car -1 -1 0.0181 558.2702 176.1392 615.0042 261.3636 1.5057 2.3231 1.0024 0.2477 0.0789 -13.6587 0.0000 0.9195
Car -1 -1 0.7781 0.0000 219.9078 0.0000 245.4443 0.4809 0.5262 0.3378 14.1853 -0.8148 -14.3944 0.0000 0.8715
Car -1 -1 -1.4350 1223.0000 0.0000 1223.0000 57.2666 1.3563 0.9384 0.4010 20.1665 -0.5613 2.7562 0.0000 0.9998
Car -1 -1 -0.8769 1223.0000 0.0000 1223.0000 206.1158 1.8136 1.6234 1.0494 7.2521 0.1911 6.0334 0.0000 0.9999
Car -1 -1 0.3677 321.3796 125.4772 346.0722 163.4338 1.0636 0.5665 0.4941 -7.8368 -0.4965 20.3451 0.0000 0.9997
Car -1 -1 0.1108 513.3164 177.9971 532.5774 247.2942 1.8393 0.8556 0.4247 2.1363 0.0684 -19.1998 0.0000 0.9998
Car -1 -1 0.0980 529.0163 131.9150 542.7105 162.3874 1.3555 0.3309 0.5843 -3.1284 -0.8178 31.8098 0.0000 0.9995
Car -1 -1 0.3325 347.8025 136.8412 375.4226 164.5961 0.9054 0.6192 0.7147 -8.1924 -0.5392 23.7256 0.0000 0.9987
Car -1 -1 1.3577 0.0000 0.0000 0.0000 215.4999 0.8561 0.3231 0.7134 -4.8237 0.0457 1.0435 0.0000 0.9990
Car -1 -1 0.2806 384.7674 138.9172 418.4733 165.9678 1.1192 0.5914 1.2545 -8.6059 -0.6185 29.8625 0.0000 0.8603
Car -1 -1 0.3945 300.6048 136.0528 322.8134 164.1628 0.8302 0.4089 0.5008 -8.8753 -0.4959 21.3199 0.0000 0.9987
Car -1 -1 -0.9648 1223.0000 187.6674 1223.0000 224.8291 0.4154 0.3896 0.5315 -11.8032 -0.0830 -8.1790 0.0000 0.7059
Car -1 -1 -0.8321 1223.0000 181.8301 1223.0000 226.0288 0.5602 0.5018 0.4325 -10.1386 -0.0160 -9.2331 0.0000 0.9986
Car -1 -1 0.1364 486.8430 177.3304 522.1482 247.1011 1.9416 0.9781 0.8691 2.7675 0.0901 -20.1697 0.0000 0.9996
Car -1 -1 0.1367 496.5007 182.9991 512.9072 238.9384 1.6918 0.7362 0.4020 2.9971 -0.0763 -21.7890 0.0000 0.9997
Car -1 -1 1.3653 0.0000 0.0000 0.0000 134.7150 0.7060 0.3044 0.8975 -8.9643 -0.1294 1.8686 0.0000 0.8652
Car -1 -1 -0.9968 1223.0000 5.7414 1223.0000 215.1330 2.0552 1.4187 2.0396 11.8203 0.3416 7.6440 0.0000 0.9998
Car -1 -1 0.0586 558.1829 145.4693 569.7140 163.4628 0.7560 0.4554 0.4694 -1.7823 -0.7358 30.3626 0.0000 0.9982
Car -1 -1 0.8585 0.0000 122.6928 0.0000 173.2000 0.4678 2.1785 0.5933 -9.2051 -0.0917 7.9485 0.0000 0.5022
Car -1 -1 1.4970 0.0000 0.0000 0.0000 111.6857 0.2824 0.4134 0.3725 -11.5336 -0.1019 0.8529 0.0000 0.5573
Car -1 -1 1.5168 0.0000 0.0000 0.0000 118.0076 0.3725 0.2237 0.3522 -10.1552 -0.0571 0.5493 0.0000 0.9954
Car -1 -1 -0.7325 1182.9663 175.4003 1223.0000 227.8981 0.6037 0.5928 0.7621 -7.5833 0.0605 -8.4316 0.0000 0.4774
Car -1 -1 -0.2244 679.2208 68.7670 873.9882 200.8918 1.1162 0.5674 1.5851 1.4271 0.1740 6.2517 0.0000 0.8359
Car -1 -1 -0.6243 1083.9309 175.2044 1138.1813 201.5934 0.4573 0.7564 0.4268 -9.1033 0.0937 -12.6368 0.0000 0.3861
Car -1 -1 1.0193 0.0000 209.0852 0.0000 242.8482 0.6451 0.7365 0.5880 23.5796 -0.5992 -14.5052 0.0000 0.9006
Car -1 -1 1.4152 0.0000 0.0000 0.0000 123.1412 0.6642 1.3448 0.6854 -10.8614 -0.1914 1.7036 0.0000 0.8496
Car -1 -1 -0.6057 1056.1335 169.7185 1126.9446 192.0566 0.3420 0.8675 0.5295 -7.8012 0.1669 -11.2643 0.0000 0.7875
Car -1 -1 1.0079 0.0000 94.9668 0.0000 348.7940 1.3821 0.9755 1.3023 6.8826 0.4675 -4.3426 0.0000 0.9743
Car -1 -1 -0.4722 930.3530 106.3477 1013.3648 210.6611 1.1114 0.5475 0.6318 3.9844 0.3230 7.8021 0.0000 0.9983
Car -1 -1 -1.0501 1223.0000 111.3525 1223.0000 284.2805 0.5419 1.1722 0.7701 -4.8938 0.2185 -2.8066 0.0000 0.6768
Car -1 -1 0.5607 140.9296 148.2781 173.8599 203.1300 1.3804 0.5314 0.5054 11.3426 0.8128 -18.0643 0.0000 0.9997
Car -1 -1 -1.1769 1223.0000 96.5284 1223.0000 170.0139 0.9427 1.4940 0.5173 -24.1452 1.1045 -10.0360 0.0000 0.9982
Car -1 -1 -1.1648 1223.0000 101.3650 1223.0000 129.0268 0.3635 0.8161 0.5130 -26.1034 1.2116 -11.2222 0.0000 0.5410
Car -1 -1 0.6043 95.6347 146.3066 131.3293 193.7928 1.3745 0.5581 0.6601 14.3268 0.9917 -20.7500 0.0000 0.9987
Car -1 -1 0.4767 210.4067 143.8578 280.2094 214.2638 0.5310 0.5198 0.2883 -2.8854 0.2564 5.5875 0.0000 0.9687
Car -1 -1 0.7876 0.0000 153.1357 0.0000 179.3681 0.5346 0.9220 0.7259 14.9798 0.5611 -14.9141 0.0000 0.8752
Car -1 -1 -1.1397 1223.0000 99.5987 1223.0000 145.5697 0.5929 0.4421 0.4729 -21.0466 1.0836 -9.6806 0.0000 0.9947
Car -1 -1 -0.1192 679.4941 149.4356 691.4298 169.9482 0.3542 0.2483 0.1818 -1.4938 0.5440 -12.4674 0.0000 0.9998
Car -1 -1 0.3680 320.7126 151.4988 338.9931 174.4726 0.8988 0.3126 0.6001 10.7583 1.1400 -27.9044 0.0000 0.9994
Car -1 -1 -1.4634 1223.0000 0.0000 1223.0000 87.8722 0.1164 0.9687 0.5123 -6.8427 0.2776 -0.7380 0.0000 0.7109
Car -1 -1 1.1037 0.0000 47.6291 0.0000 147.8609 0.7307 0.5977 0.5662 11.2092 1.0070 -5.6527 0.0000 0.8966
Car -1 -1 1.5040 0.0000 0.0000 0.0000 0.0000 0.6211 0.7243 0.4688 16.4786 1.3640 -1.1016 0.0000 0.9488
Car -1 -1 -1.5034 1223.0000 369.0000 1223.0000 369.0000 0.5905 0.7866 0.7591 15.6344 1.2684 1.0557 0.0000 0.9804
Car -1 -1 -1.2807 1223.0000 344.5973 1223.0000 369.0000 0.2387 1.2050 1.0233 13.8111 1.3383 4.1228 0.0000 0.6054
Car -1 -1 -1.1169 1223.0000 323.4444 1223.0000 344.5849 0.0452 0.6472 0.5991 12.7222 1.3683 6.2074 0.0000 0.4994
Car -1 -1 0.4788 0.0000 366.2803 432.5488 369.0000 0.1002 2.7362 1.5965 -2.2375 1.5953 4.3103 0.0000 0.6501
