Car -1 -1 0.2241 419.9306 101.1532 473.2824 186.7618 1.9777 1.3237 0.9825 -3.9493 0.3217 17.3278 0.0000 0.9997
Car -1 -1 0.3680 319.2850 82.6080 350.7067 193.8601 1.7395 0.3231 0.3754 -4.4108 0.3288 11.4406 0.0000 0.9999
Car -1 -1 -0.8875 1241.0000 127.3275 1241.0000 374.0000 1.4437 0.2915 0.3985 -4.8896 0.2422 -3.9809 0.0000 0.9998
Car -1 -1 -0.4590 944.8811 169.8427 980.3872 276.5824 1.6014 0.4216 0.3368 -5.4551 0.0455 -11.0390 0.0000 0.9999
Car -1 -1 -0.4339 925.2378 184.3129 960.5374 238.6421 2.1542 1.4259 0.7906 -13.7277 -0.4814 -29.6266 0.0000 0.9991
Car -1 -1 -0.3977 888.8437 173.1630 930.7793 267.5911 1.6275 0.5475 0.5109 -5.3414 -0.0052 -12.7139 0.0000 0.9998
Car -1 -1 0.2530 391.0041 184.8791 448.7538 257.2974 1.5888 0.5201 1.1580 4.1822 -0.2736 -16.1791 0.0000 0.9840
Car -1 -1 0.5003 191.4975 201.8001 233.6385 243.3582 1.1561 0.8771 0.7510 11.5484 -0.8646 -21.1241 0.0000 0.9849
Car -1 -1 0.6309 50.3058 195.6479 107.1242 263.5423 1.4249 1.0885 0.4633 11.7286 -0.5239 -16.0550 0.0000 0.9999
Car -1 -1 0.4502 253.8836 66.0824 277.0751 201.0680 1.6989 0.2472 0.1780 -4.4473 0.3555 9.2020 0.0000 0.9999
Car -1 -1 1.0209 0.0000 148.1740 0.0000 374.0000 1.6862 1.6264 1.9450 7.3509 0.1266 -4.5056 0.0000 0.7621
Car -1 -1 1.2105 0.0000 183.4831 0.0000 374.0000 2.0920 1.2591 1.6688 17.3667 -0.1053 -6.5424 0.0000 0.9542
Car -1 -1 1.3125 0.0000 256.1138 0.0000 374.0000 1.0905 0.3141 0.3822 15.9888 -0.5049 -4.2242 0.0000 0.9999
Car -1 -1 0.3450 333.5792 114.1776 369.7954 187.3262 1.9954 1.6815 0.4292 -7.3737 0.3951 20.5208 0.0000 0.9999
Car -1 -1 -0.4902 983.0950 201.2052 1003.3163 221.6969 0.7545 0.6324 0.4416 -14.8141 -1.1027 -27.7599 0.0000 0.9531
Car -1 -1 0.5769 64.1799 184.1537 204.1890 272.9634 2.0773 1.7367 2.3420 11.6927 -0.2946 -17.9690 0.0000 0.6675
Car -1 -1 0.9949 0.0000 61.4279 0.0000 196.9290 1.2529 2.8578 1.3156 -12.4700 0.2230 8.0976 0.0000 0.4812
Car -1 -1 1.1652 0.0000 40.6716 0.0000 190.1567 1.1022 1.1716 1.4975 -13.7468 0.1279 5.9033 0.0000 0.8095
Car -1 -1 1.2162 0.0000 35.4700 0.0000 196.1349 1.2421 0.7893 0.5762 -16.1233 0.1803 5.9699 0.0000 0.9956
Car -1 -1 -1.4391 1241.0000 240.3454 1241.0000 374.0000 0.4861 1.3545 0.9773 -19.3253 -0.3021 -2.5590 0.0000 0.4997
Car -1 -1 0.2682 398.0915 133.2830 427.1499 174.4954 1.5218 1.0815 0.7996 -7.4686 0.0610 27.1812 0.0000 0.9969
Car -1 -1 1.4910 0.0000 0.0000 0.0000 210.2682 0.8319 0.9246 0.6872 -19.9075 0.0591 1.5923 0.0000 0.9711
Car -1 -1 0.5049 159.8219 183.3653 253.8860 246.6403 1.6815 1.4610 1.8112 11.1376 -0.3038 -20.1507 0.0000 0.5269
Car -1 -1 -0.2842 813.2069 124.8424 832.2601 158.7207 0.8907 1.2180 0.1706 5.8666 -0.4050 20.0839 0.0000 0.9949
Car -1 -1 -0.1397 702.5581 143.9671 722.5652 167.0994 0.9254 0.6610 0.7197 4.1268 -0.2364 29.3572 0.0000 0.9858
Car -1 -1 0.8203 0.0000 162.9806 0.0000 248.2029 1.2955 0.5391 0.7486 12.0554 0.1504 -11.2408 0.0000 0.9975
Car -1 -1 -0.2576 794.3700 142.0233 808.8446 192.5934 1.6009 0.9952 0.2033 6.1474 0.6253 23.3369 0.0000 0.9999
Car -1 -1 0.1342 507.6899 173.4843 519.4477 196.4538 0.9358 0.4923 0.4178 -4.0033 0.9623 29.6545 0.0000 0.9998
Car -1 -1 0.5028 183.2512 161.5632 236.1429 196.1060 0.8392 0.7434 0.9002 9.8466 0.2747 -17.9032 0.0000 0.9965
Car -1 -1 -0.2803 811.6029 150.6042 827.5712 198.3167 1.3367 1.2103 0.1085 5.9936 0.7137 20.8167 0.0000 0.9994
Car -1 -1 0.0959 532.6176 184.4593 549.9768 197.5797 0.6505 0.3343 0.8401 -3.4858 1.2363 36.2309 0.0000 0.6067
Car -1 -1 -0.4408 934.6366 159.7918 961.7468 179.0377 0.5700 0.7035 0.4859 -10.2472 0.3872 -21.7235 0.0000 0.9546
Car -1 -1 0.2305 412.7329 160.8457 462.3776 184.2250 0.6772 1.0872 1.2163 5.0334 0.3482 -21.4467 0.0000 0.8659
Car -1 -1 -0.1290 694.2211 178.9933 715.2433 196.9840 0.7108 0.6586 0.7599 3.7689 0.9613 29.0606 0.0000 0.7860
Car -1 -1 -1.0436 1241.0000 109.3469 1241.0000 162.3676 0.5467 0.6371 0.4598 -13.5477 0.6663 -7.8876 0.0000 0.3996
Car -1 -1 0.9492 0.0000 204.0304 0.0000 227.6881 0.2329 0.4885 0.2297 -11.1540 0.5891 7.9890 0.0000 0.6896
Car -1 -1 0.9944 0.0000 136.2890 0.0000 186.1119 0.6487 0.8233 0.3864 15.0879 0.4764 -9.8085 0.0000 0.9939
Car -1 -1 -0.8289 1241.0000 127.7221 1241.0000 167.5290 0.5174 1.3844 1.1982 -11.1912 0.5985 -10.2577 0.0000 0.5426
Car -1 -1 -0.9772 1241.0000 102.6403 1241.0000 139.3328 0.3585 0.7972 0.6186 -12.1233 0.7573 -8.1798 0.0000 0.5742
Car -1 -1 -0.8501 1241.0000 107.6490 1241.0000 131.3510 0.2485 0.6272 0.4994 -10.2211 0.7831 -8.9779 0.0000 0.4216
Car -1 -1 -0.2366 762.2907 232.1933 814.0340 246.2822 0.1433 0.9454 0.6118 2.8428 1.1526 11.7920 0.0000 0.6210
Car -1 -1 -1.0700 1241.0000 92.2836 1241.0000 374.0000 1.4644 0.2328 0.4601 -4.9052 0.2869 -2.6848 0.0000 0.9999
Car -1 -1 -1.0241 1241.0000 177.8431 1241.0000 290.5015 1.7354 0.6812 0.5904 -18.8786 -0.0814 -11.4883 0.0000 0.9999
