Car -1 -1 -1.5112 1241.0000 0.0000 1241.0000 0.0000 0.2015 0.7709 0.4857 17.2952 -0.9452 1.0324 0.0000 0.5086
Car -1 -1 -0.2428 777.9771 114.1420 803.2508 170.7903 1.6287 1.2452 0.4376 5.3022 -0.0627 21.4096 0.0000 0.9996
Car -1 -1 0.2827 391.4597 128.8407 411.5314 166.9797 1.2751 1.3016 0.3194 -7.2523 -0.2083 24.9712 0.0000 0.9998
Car -1 -1 -0.8099 1241.0000 196.7204 1241.0000 241.4823 1.1018 0.3753 0.7890 -19.0645 -0.6062 -18.1514 0.0000 0.9995
Car -1 -1 -0.2222 766.1665 121.3498 783.0107 167.2516 1.4592 1.1647 0.2860 5.3454 -0.1879 23.6599 0.0000 0.9994
Car -1 -1 -1.4261 1241.0000 291.4282 1241.0000 374.0000 0.4087 1.3495 0.2509 -20.7839 -0.6077 -3.0280 0.0000 0.4705
Car -1 -1 0.1965 455.8582 189.8682 472.3595 239.8884 1.7691 1.1856 0.3674 5.2783 -0.6388 -26.5175 0.0000 0.9995
Car -1 -1 -0.1974 750.2796 132.6202 760.8093 159.5207 0.9753 0.6068 0.2678 5.3531 -0.4998 26.7621 0.0000 0.9994
Car -1 -1 0.2476 406.5540 122.2506 450.7134 182.3931 1.8699 0.8416 1.1877 -5.7776 0.2969 22.8514 0.0000 0.9999
Car -1 -1 0.1710 476.1287 153.6311 496.2171 175.3589 1.0173 0.5353 0.8565 -5.8790 0.1176 34.0480 0.0000 0.9666
Car -1 -1 -0.6681 1098.5099 177.0601 1241.0000 216.8251 0.4484 2.7549 0.2057 -7.7399 -0.0648 -9.8069 0.0000 0.5744
Car -1 -1 -0.7656 1241.0000 211.8204 1241.0000 227.8951 0.2579 1.5739 0.8723 -15.5519 -0.9159 -16.1818 0.0000 0.5457
Car -1 -1 0.1882 464.8442 178.7471 482.2229 201.7972 0.8362 1.1582 0.4332 -5.1525 1.0622 27.0476 0.0000 0.9279
Car -1 -1 -0.1039 658.4531 129.1218 707.9066 168.0403 1.0604 0.7813 1.3011 -2.1020 1.1977 -20.1487 0.0000 0.9885
Car -1 -1 -0.2361 774.7736 181.6685 796.0808 214.9738 0.9433 1.1086 0.3583 5.1198 1.2105 21.2813 0.0000 0.9794
Car -1 -1 0.8147 0.0000 145.4518 150.6443 270.5231 0.2530 2.0709 0.9263 2.6486 0.0558 -2.4976 0.0000 0.5157
Car -1 -1 -0.0882 657.3043 206.2275 694.8467 230.9543 0.5808 0.5237 0.8840 1.5851 1.4220 17.9146 0.0000 0.4396
Car -1 -1 0.0984 513.2143 110.8657 556.8859 139.0839 0.6088 1.4518 0.9414 1.7801 1.4870 -18.0332 0.0000 0.6810
Car -1 -1 -0.1186 668.6852 111.3410 718.7217 139.0681 0.6020 0.9272 1.0888 -2.0566 1.4323 -17.2628 0.0000 0.4001
Car -1 -1 -0.6754 1162.4568 211.2029 1208.9367 224.8826 0.2684 0.8933 0.3886 -13.7036 -0.9325 -17.1078 0.0000 0.5731
Car -1 -1 -0.9175 1241.0000 0.0000 1241.0000 55.0824 0.5600 2.6855 0.6231 -7.3162 1.6932 -5.6003 0.0000 0.5578
Car -1 -1 -1.0971 1241.0000 0.0000 1241.0000 0.0000 0.6212 1.0736 0.4262 -7.3724 2.3814 -3.7797 0.0000 0.4741
Car -1 -1 -0.9998 1241.0000 0.0000 1241.0000 0.0000 0.5947 0.8480 0.3308 -7.6429 2.7075 -4.9098 0.0000 0.4955
Car -1 -1 -0.9499 1241.0000 0.0000 1241.0000 0.0000 0.4130 0.9027 0.2247 -7.8603 2.9648 -5.6218 0.0000 0.4584
