Car -1 -1 0.6851 9.0654 63.7806 42.0659 191.3955 1.3517 0.1964 0.1951 -6.3227 0.1967 7.7379 0.0000 0.9999
Car -1 -1 -0.5963 1048.3550 177.9785 1151.2312 249.1478 2.5142 2.1369 2.3567 -18.1326 -0.1969 -26.7148 0.0000 0.9600
Car -1 -1 -0.4495 939.3925 174.6163 971.4265 257.5073 1.9181 0.5612 0.4853 -8.1970 -0.0418 -16.9920 0.0000 0.9999
Car -1 -1 0.5843 91.8086 173.0424 161.3055 301.4306 1.6361 0.6330 0.4924 6.2924 -0.0022 -9.5149 0.0000 0.9997
Car -1 -1 0.7718 0.0000 190.4044 0.0000 275.8905 2.5439 2.3433 1.7219 22.5063 -0.5906 -23.1273 0.0000 0.9941
Car -1 -1 0.7610 0.0000 122.2973 0.0000 161.7049 1.0058 2.0281 0.6921 -19.0493 -0.3244 20.0011 0.0000 0.5415
Car -1 -1 1.2967 0.0000 215.8679 0.0000 374.0000 1.8633 1.0682 1.2811 21.2200 -0.3870 -5.9657 0.0000 0.9996
Car -1 -1 -0.9259 1241.0000 89.8792 1241.0000 139.0877 0.9719 1.4507 1.3499 21.2309 -0.7810 15.9687 0.0000 0.5079
Car -1 -1 -0.8528 1241.0000 0.0000 1241.0000 187.8186 1.3598 0.6365 0.4679 6.1580 0.1054 5.3795 0.0000 0.9999
Car -1 -1 -0.2909 817.7819 114.1881 837.7442 170.2932 1.5993 0.5098 0.4226 6.2409 -0.0745 20.8437 0.0000 0.9999
Car -1 -1 0.2835 389.8064 126.4027 411.8665 172.4285 1.7488 0.5563 0.6860 -8.0684 -0.0161 27.6969 0.0000 0.9999
Car -1 -1 0.2498 413.0809 182.0215 434.0984 249.7138 2.3136 0.4994 0.5989 6.3745 -0.3202 -24.9811 0.0000 0.9999
Car -1 -1 0.6888 0.0000 191.5748 49.9526 263.6871 2.5590 1.8837 1.2416 22.2594 -0.7255 -27.0381 0.0000 0.9926
Car -1 -1 0.7177 0.0000 212.0852 2.5781 244.1927 1.0740 0.9897 0.9359 22.5626 -1.4316 -25.8436 0.0000 0.5839
Car -1 -1 0.9790 0.0000 231.4291 0.0000 266.1789 0.6781 0.8142 0.6333 23.5979 -1.3202 -15.8627 0.0000 0.9000
Car -1 -1 1.1506 0.0000 6.9422 0.0000 190.7659 1.6412 1.7994 1.7517 -16.4271 0.1603 7.3389 0.0000 0.6505
Car -1 -1 -0.9707 1241.0000 79.2376 1241.0000 140.2348 1.0853 1.5289 1.0596 21.0693 -0.6861 14.4180 0.0000 0.8284
Car -1 -1 0.3794 307.8316 139.0392 338.0010 163.5403 1.2117 0.7178 1.2333 -14.4794 -0.4730 36.3131 0.0000 0.9789
Car -1 -1 0.5955 108.2293 123.4277 135.6848 172.7684 1.8891 1.1533 0.2938 -19.1089 -0.0031 28.2016 0.0000 0.9998
Car -1 -1 -0.5215 1012.5028 200.5270 1033.2475 220.9528 0.8062 0.6912 0.4597 -17.1032 -1.1543 -29.7645 0.0000 0.9801
Car -1 -1 -0.2643 796.3939 185.9360 810.3869 235.6804 1.9873 0.4813 0.4369 -7.8996 -0.5333 -29.1951 0.0000 0.9999
Car -1 -1 -0.1858 737.2296 130.0304 755.7503 166.1032 1.7567 0.5710 0.8037 6.6794 -0.3347 35.5282 0.0000 0.9999
Car -1 -1 0.5246 179.5309 153.2433 206.6205 178.3131 1.1300 1.2640 0.5151 -19.1848 0.2464 33.1509 0.0000 0.9989
Car -1 -1 1.0626 0.0000 107.3300 0.0000 183.0759 1.4647 0.8692 1.2033 -25.8248 0.1980 14.3846 0.0000 0.9989
Car -1 -1 -1.3812 1241.0000 0.0000 1241.0000 119.5924 1.2495 1.8097 0.3853 41.4799 -0.6543 7.9608 0.0000 0.9940
Car -1 -1 -1.2685 1241.0000 135.7260 1241.0000 341.7072 1.4002 1.5327 1.2765 -18.1918 0.2527 -5.6740 0.0000 0.5956
Car -1 -1 1.2242 0.0000 183.4445 0.0000 356.1952 1.6170 1.6019 1.1967 21.1942 -0.1237 -7.6555 0.0000 0.9562
Car -1 -1 1.2649 0.0000 231.5904 0.0000 286.6335 0.4228 0.9530 0.7633 22.2898 -0.6112 -7.0388 0.0000 0.6003
Car -1 -1 -1.3047 1241.0000 17.5320 1241.0000 160.1486 1.4031 2.5892 1.3489 31.6350 -0.1743 8.6213 0.0000 0.6418
Car -1 -1 0.6568 34.9294 191.3676 68.1293 214.0064 0.8657 0.6649 0.7956 21.9490 -0.7386 -28.4702 0.0000 0.8658
Car -1 -1 -0.4982 988.8891 177.9216 1012.8189 192.3490 0.6376 0.7062 0.6944 -17.6718 -0.2303 -32.4895 0.0000 0.9739
Car -1 -1 -1.0863 1241.0000 132.5192 1241.0000 172.8724 0.7347 1.0869 0.5597 25.9863 0.0007 13.6782 0.0000 0.9442
Car -1 -1 -0.5579 1045.9234 173.2704 1070.7754 190.0064 0.6335 0.4026 0.6975 -17.1745 -0.0156 -27.5242 0.0000 0.8142
Car -1 -1 0.1697 477.1599 167.6840 492.3746 185.7552 0.9705 0.3410 0.7617 6.6697 0.2780 -38.9230 0.0000 0.9975
Car -1 -1 0.6627 32.8823 172.6181 56.6295 189.1619 0.6319 0.6226 0.4299 21.7501 0.0094 -27.8716 0.0000 0.9054
Car -1 -1 -1.4878 1241.0000 0.0000 1241.0000 157.6214 0.8279 0.5665 0.6908 22.0345 -0.0444 1.8326 0.0000 0.9967
Car -1 -1 -1.1779 1241.0000 124.4493 1241.0000 220.9127 1.0292 0.5314 1.2373 -19.2253 0.5168 -7.9672 0.0000 0.8991
Car -1 -1 0.7110 0.0000 169.8180 5.0344 193.4136 0.8311 0.7049 0.7431 22.1948 0.1073 -25.7691 0.0000 0.9278
Car -1 -1 -0.9264 1241.0000 128.3928 1241.0000 168.6408 0.6269 1.2421 1.1315 -15.9593 0.7009 -11.9921 0.0000 0.4898
Car -1 -1 -0.5369 1024.1782 157.7827 1051.2940 172.5799 0.5938 0.5647 0.7639 -17.4094 0.6053 -29.2482 0.0000 0.5905
Car -1 -1 -1.3205 1241.0000 88.3050 1241.0000 374.0000 1.4132 0.6439 0.4759 -8.0840 0.2045 -2.0668 0.0000 0.9999
Car -1 -1 0.6467 42.1031 166.2488 83.5634 182.5433 0.6324 1.0019 0.8786 21.5225 0.2567 -28.5048 0.0000 0.4874
Car -1 -1 -1.2635 1241.0000 152.7398 1241.0000 374.0000 1.7427 1.5965 1.3709 -16.1764 0.1212 -5.1343 0.0000 0.9788
