Car -1 -1 -0.8965 1240.0000 182.9276 1240.0000 272.9934 1.4628 0.1779 1.0999 -14.7250 0.0383 -11.7683 0.0000 0.9973
Car -1 -1 -1.4195 1240.0000 301.0784 1240.0000 375.0000 0.4504 0.8050 0.5790 -39.6082 -1.0364 -6.0388 0.0000 0.3847
Car -1 -1 -1.3689 1240.0000 272.4840 1240.0000 323.4068 0.4579 0.7663 0.5290 -39.8904 -1.0360 -8.1640 0.0000 0.4523
Car -1 -1 -0.2045 745.1138 132.8976 770.8773 160.7737 1.0795 1.0519 0.8290 6.0745 -1.0125 29.2833 0.0000 0.9515
Car -1 -1 -0.1751 724.5852 135.4325 747.1248 159.4779 1.0035 0.8062 0.8360 5.5298 -1.1327 31.2622 0.0000 0.7936
Car -1 -1 1.5154 0.0000 0.0000 0.0000 0.0000 0.7371 1.4397 0.7860 -39.0891 -0.9213 2.1677 0.0000 0.7788
Car -1 -1 -1.5505 1240.0000 375.0000 1240.0000 375.0000 0.7396 0.5590 0.5889 -39.3079 -0.9048 -0.7975 0.0000 0.9869
Car -1 -1 0.2420 418.3492 203.3876 437.0012 226.8024 0.6934 0.6390 0.4140 5.4559 -0.5657 -22.1079 0.0000 0.9917
Car -1 -1 -1.2908 1240.0000 165.4582 1240.0000 375.0000 1.1552 2.6182 1.5820 -16.1381 0.0926 -4.6403 0.0000 0.9105
Car -1 -1 -0.2433 768.3411 134.1471 807.9093 169.3323 0.9927 1.2048 0.8763 5.3170 -0.4857 21.4249 0.0000 0.9390
Car -1 -1 1.2291 0.0000 134.7632 0.0000 163.1856 0.4939 0.8098 0.6453 -38.0212 -0.4257 13.5205 0.0000 0.5977
Car -1 -1 0.1448 493.9370 188.7565 508.3319 205.6685 0.8354 0.5286 0.6406 5.2316 -0.1769 -35.8876 0.0000 0.9855
Car -1 -1 0.2268 419.6586 159.1745 457.4101 200.2182 1.2040 1.8152 0.7292 5.0769 0.7651 -21.9994 0.0000 0.8839
Car -1 -1 0.1997 416.7475 165.3198 497.1039 282.5727 1.7858 0.4935 1.1483 2.2665 0.3042 -11.1991 0.0000 0.9902
Car -1 -1 -0.8699 1240.0000 153.5400 1240.0000 174.8812 0.3784 0.5577 0.4009 -15.7608 0.5747 -13.3000 0.0000 0.8790
Car -1 -1 0.1705 470.1083 172.5542 501.3109 204.7579 0.6937 0.9450 0.5329 -2.7463 0.4221 15.9528 0.0000 0.9328
Car -1 -1 -1.1191 1240.0000 119.5359 1240.0000 156.6774 0.2511 2.2346 0.8305 -15.8694 0.6021 -7.6984 0.0000 0.5919
Car -1 -1 0.1780 457.3087 160.3205 494.0739 185.9400 0.8672 1.0733 1.0756 4.4759 0.8439 -24.8743 0.0000 0.3378
Car -1 -1 0.2476 413.8438 169.6636 432.4105 192.1005 0.6011 0.5196 0.3711 4.9347 0.4178 -19.5230 0.0000 0.8807
Car -1 -1 -1.3599 1240.0000 0.0000 1240.0000 176.5978 0.5011 2.2526 1.4848 -11.7946 0.5460 -2.5245 0.0000 0.7057
Car -1 -1 0.1489 489.7894 159.4663 505.7591 177.6717 0.7317 0.5826 0.5650 4.4159 1.0447 -29.4301 0.0000 0.9881
Car -1 -1 -0.5965 1054.3721 113.3221 1134.0557 130.4844 0.1007 1.5456 0.0523 -6.7371 0.9158 -9.9226 0.0000 0.5719
Car -1 -1 -0.6909 1171.4594 107.5797 1223.8685 121.3434 0.0924 0.6512 0.0610 -6.7620 0.8487 -8.1775 0.0000 0.5340
Car -1 -1 1.2072 0.0000 375.0000 0.0000 375.0000 0.0356 0.8480 0.2642 -14.4858 1.6495 5.5124 0.0000 0.5785
Car -1 -1 -0.1755 729.6688 232.3963 749.0992 251.6076 0.1962 0.8947 0.1054 1.7703 0.8821 9.9820 0.0000 0.4307
Car -1 -1 0.3148 354.1486 240.8880 400.7042 265.7172 0.1619 1.0012 0.1614 -2.4195 0.7775 7.4293 0.0000 0.6273
Car -1 -1 1.3222 0.0000 375.0000 0.0000 375.0000 0.0628 2.1737 0.7354 -14.2274 1.6817 3.6123 0.0000 0.6215
Car -1 -1 -0.2221 747.5049 239.3654 811.9919 280.6020 0.2053 2.4797 0.1291 1.8226 0.9080 8.0706 0.0000 0.5883
Car -1 -1 0.2898 363.8769 64.5524 407.2475 81.9787 0.0587 0.7319 0.2042 2.1254 1.1355 -7.1278 0.0000 0.6223
Car -1 -1 -0.2471 776.8916 132.5825 803.9391 157.0124 0.7883 0.6023 0.7567 6.1003 -0.9598 24.1877 0.0000 0.5235
Car -1 -1 1.4200 0.0000 0.0000 0.0000 79.7865 0.7447 1.2533 0.6668 -39.1318 -0.9635 5.9470 0.0000 0.7653
Car -1 -1 1.4668 0.0000 0.0000 0.0000 71.6984 0.9562 2.5426 0.7770 -38.8509 -0.8406 4.0555 0.0000 0.6642
