Car -1 -1 0.3529 329.2694 117.0747 361.5893 179.1091 2.0163 0.6213 0.8370 -8.7518 0.2037 23.7604 0.0000 0.9999
Car -1 -1 -0.6703 1144.9266 183.1339 1217.7682 248.2375 2.1550 1.9445 0.9993 -19.9510 -0.3720 -25.1653 0.0000 0.9684
Car -1 -1 -0.6252 1105.4885 163.2654 1146.6821 291.8388 1.5887 0.2927 0.3078 -6.5427 0.1188 -9.0645 0.0000 0.9999
Car -1 -1 -0.3547 857.3682 178.7315 893.1566 249.8133 2.0501 1.0674 0.6700 -7.9388 -0.1786 -21.4346 0.0000 0.9999
Car -1 -1 0.2334 423.2420 185.2736 449.4175 244.2724 2.3128 0.7329 0.8690 6.8492 -0.5018 -28.8082 0.0000 0.9998
Car -1 -1 0.4191 257.3931 175.6693 311.3011 277.6955 1.8687 0.5032 0.7804 6.0068 -0.0532 -13.4835 0.0000 0.9997
Car -1 -1 0.7282 0.0000 210.7173 11.1630 256.5064 0.8939 1.4317 0.9327 14.2576 -0.8761 -15.9884 0.0000 0.4103
Car -1 -1 0.7319 0.0000 179.9113 58.1042 300.5319 2.0557 2.7465 1.7335 12.4270 -0.1484 -13.8335 0.0000 0.9532
Car -1 -1 -0.3617 866.0464 96.7578 904.8112 179.2340 1.8532 0.5920 0.6606 6.2440 0.1437 16.5059 0.0000 0.9999
Car -1 -1 -0.2688 794.5738 74.1311 831.0514 189.6089 1.6703 0.5669 0.3823 2.9528 0.2427 10.7174 0.0000 0.9999
Car -1 -1 -0.2023 747.2583 119.7242 770.8754 174.2313 2.3548 0.6743 0.8916 6.4634 0.0599 31.5056 0.0000 0.9999
Car -1 -1 0.4106 275.6224 137.8255 316.9995 163.3044 1.1749 1.3200 1.4011 -14.9865 -0.4640 34.4230 0.0000 0.6192
Car -1 -1 0.8177 0.0000 133.5960 0.0000 154.4019 0.6625 0.8219 0.7919 -25.7213 -0.6269 24.1122 0.0000 0.6573
Car -1 -1 -1.2766 1241.0000 0.0000 1241.0000 108.9176 0.9929 1.5411 1.1315 16.9655 -0.5237 5.1403 0.0000 0.4398
Car -1 -1 0.7232 0.0000 127.4793 0.0000 159.2402 0.8193 1.1438 0.3547 -17.3645 -0.3817 19.6725 0.0000 0.7948
Car -1 -1 -0.7482 1241.0000 192.7010 1241.0000 218.1386 0.7392 0.9219 0.2220 -20.5630 -0.6215 -22.1510 0.0000 0.9551
Car -1 -1 -0.1973 747.1507 200.3088 758.1525 218.0142 0.8886 0.3031 0.5015 -7.3633 -1.4069 -36.8357 0.0000 0.9947
Car -1 -1 1.0369 0.0000 57.5440 0.0000 188.4335 1.6964 0.1997 0.3326 -15.9815 0.2023 9.4486 0.0000 0.9999
Car -1 -1 -0.2009 748.5191 176.3892 762.2112 207.6121 1.5710 0.5277 0.5884 -7.4591 -0.1804 -36.6313 0.0000 0.9998
Car -1 -1 0.6470 46.7160 154.2286 85.2429 182.9968 0.9622 0.6814 0.7935 -18.4889 0.3396 24.4717 0.0000 0.9025
Car -1 -1 -0.3982 890.9179 139.3569 938.9522 177.2755 1.5805 1.0675 1.5859 12.8771 0.1847 30.6065 0.0000 0.9566
Car -1 -1 0.8607 0.0000 162.9066 0.0000 190.3587 0.8219 0.7641 0.4734 -25.5692 0.5244 21.9811 0.0000 0.9971
Car -1 -1 -0.2347 765.5380 98.6396 808.0133 186.3798 1.6835 2.6793 0.2358 3.6300 0.2599 15.1810 0.0000 0.7795
Car -1 -1 0.8007 0.0000 167.7727 0.0000 194.0516 0.7920 0.6629 0.7085 -22.7607 0.6392 22.0755 0.0000 0.9429
Car -1 -1 0.7432 0.0000 167.6310 0.0000 192.5242 0.7517 0.6770 0.8699 -20.3332 0.5944 22.1253 0.0000 0.9393
Car -1 -1 0.8933 0.0000 167.9430 0.0000 197.0071 0.8638 0.5724 0.6066 -27.0079 0.7182 21.7273 0.0000 0.9823
Car -1 -1 -0.4976 972.2899 158.1387 1035.9689 189.9043 1.0287 1.3971 1.3599 13.0692 0.5525 24.0623 0.0000 0.4826
Car -1 -1 0.9333 0.0000 99.5267 0.0000 161.1584 0.9273 0.8033 0.3031 -15.4005 -0.1911 11.4075 0.0000 0.9973
Car -1 -1 -0.3307 848.1369 171.1926 868.8267 185.5194 0.7312 0.6665 0.8356 12.7552 0.6468 37.1574 0.0000 0.8019
Car -1 -1 -0.4598 953.3021 167.8190 977.6357 187.4795 0.7467 0.7539 0.5650 -13.7566 0.1916 -27.7832 0.0000 0.9933
Car -1 -1 -0.6617 1148.9731 156.1254 1191.0896 172.6086 0.4961 0.9013 0.5946 -17.2761 0.5042 -22.1834 0.0000 0.8603
Car -1 -1 -0.4625 936.8929 173.5402 1008.3600 198.4832 0.7679 1.9157 1.3364 11.5790 0.7913 23.2219 0.0000 0.5455
Car -1 -1 -0.8081 1241.0000 156.3441 1241.0000 203.0485 0.8379 1.0661 0.5869 14.1010 0.5421 13.4756 0.0000 0.8966
Car -1 -1 -1.5012 1241.0000 374.0000 1241.0000 374.0000 0.1804 1.2040 0.7513 20.8789 2.0741 1.4556 0.0000 0.5170
Car -1 -1 -0.6428 1139.4565 325.6262 1185.6926 367.5160 0.1622 0.1561 0.1008 2.5748 0.9076 3.4381 0.0000 0.9479
Car -1 -1 -1.5230 1241.0000 374.0000 1241.0000 374.0000 0.2361 0.1265 0.1963 2.6534 0.8775 0.1268 0.0000 0.9889
Car -1 -1 -0.7107 1187.1224 164.7935 1241.0000 292.6816 1.6673 0.6510 0.5366 -8.3789 0.1054 -9.7349 0.0000 0.9999
