Car -1 -1 0.3640 319.3238 121.2020 353.3909 173.8333 1.6252 0.5802 0.8460 -8.5991 0.0306 22.5677 0.0000 0.9998
Car -1 -1 0.6451 37.1297 87.5485 102.4229 185.2951 1.5253 0.4712 0.6877 -8.6488 0.1945 11.4926 0.0000 0.9999
Car -1 -1 -0.6426 1100.4706 102.2956 1209.4091 157.0736 1.0948 1.4941 1.2258 11.6741 -0.3571 15.5958 0.0000 0.4613
Car -1 -1 -0.6021 1066.6668 58.3284 1158.0009 176.4536 1.2843 0.6398 0.5877 5.6093 0.0395 8.1622 0.0000 0.9999
Car -1 -1 -0.2654 795.1355 120.3028 820.2252 166.5786 1.4405 0.5608 0.6394 6.2004 -0.2005 22.8142 0.0000 0.9999
Car -1 -1 0.5045 197.8777 94.3782 231.0593 183.3433 1.4802 0.4478 0.3172 -6.7508 0.1749 12.2260 0.0000 0.9999
Car -1 -1 -0.6398 1118.1879 172.8764 1174.1680 258.9073 2.9069 2.2013 0.3398 -18.9680 -0.0005 -25.4841 0.0000 0.9999
Car -1 -1 -0.5764 1013.3951 172.5866 1147.6359 260.1663 2.6451 2.5923 2.6034 -15.0090 0.0084 -23.0906 0.0000 0.9195
Car -1 -1 0.2818 388.5148 181.2455 408.6499 254.1293 2.2164 0.4472 0.4892 6.4333 -0.2606 -22.2198 0.0000 0.9999
Car -1 -1 -0.4617 957.9774 133.3630 982.6305 149.3191 0.5664 0.5660 0.6304 13.3001 -0.8808 26.7286 0.0000 0.6581
Car -1 -1 -0.3898 896.8379 133.9438 918.1099 153.2951 0.7709 0.5380 0.6492 12.1395 -0.8081 29.5532 0.0000 0.9757
Car -1 -1 -1.4974 1241.0000 313.4178 1241.0000 374.0000 0.5953 0.7232 0.5469 -23.9963 -0.4131 -1.7635 0.0000 0.9739
Car -1 -1 0.6536 34.7724 204.8425 75.3808 232.7261 1.0247 0.8060 0.9477 21.3268 -1.2520 -27.8475 0.0000 0.5919
Car -1 -1 -0.4398 936.5339 137.0835 965.0674 157.5269 0.7618 0.8202 0.7160 13.1336 -0.6013 27.9112 0.0000 0.9971
Car -1 -1 1.4909 0.0000 286.9360 0.0000 374.0000 1.2555 1.6590 0.9851 34.5588 -0.5676 -2.7656 0.0000 0.9871
Car -1 -1 -0.4779 968.4030 150.2578 1001.6933 170.3907 0.7194 0.6439 0.8730 13.5585 -0.0901 26.1804 0.0000 0.9247
Car -1 -1 -0.1749 732.3739 159.4833 744.1214 172.9474 0.7039 0.3361 0.5570 6.6968 0.0052 37.8884 0.0000 0.9991
Car -1 -1 -0.4823 968.2392 167.0134 1004.1601 206.4617 1.4361 1.3378 0.6427 -14.1036 0.2130 -26.9386 0.0000 0.9982
Car -1 -1 1.4783 0.0000 0.0000 0.0000 36.3639 0.5064 1.4823 0.9108 -20.9566 -0.5080 1.9432 0.0000 0.5693
Car -1 -1 -0.6863 1148.8341 142.8321 1241.0000 185.6622 1.1043 2.7391 0.7002 -16.3608 0.7744 -19.9751 0.0000 0.7322
Car -1 -1 -0.9873 1241.0000 111.6811 1241.0000 197.6008 1.0428 1.8996 1.4201 -14.7075 0.7428 -9.7095 0.0000 0.6529
Car -1 -1 1.4285 0.0000 259.4532 0.0000 374.0000 0.5710 1.5010 0.8696 -14.8879 0.9178 2.1326 0.0000 0.5961
Car -1 -1 -0.5067 981.9550 166.7532 1033.6660 271.6207 2.1029 0.7232 0.6637 -8.2327 0.1227 -14.8336 0.0000 0.9999
Car -1 -1 0.7060 0.0000 169.9351 60.6731 335.0466 1.5383 0.8390 0.7986 6.0916 0.0276 -7.1447 0.0000 0.9983
