Car -1 -1 0.7071 0.0000 224.0625 20.7942 240.1224 0.2717 1.2121 0.4222 14.2561 -1.2264 -16.6824 0.0000 0.5001
Car -1 -1 -0.3539 845.9726 112.0606 914.1756 167.9987 1.5842 2.6220 1.0940 8.1163 -0.1563 21.9706 0.0000 0.4817
Car -1 -1 -0.2844 795.3136 127.4534 848.8785 164.9812 1.7752 0.9928 2.2937 10.1831 -0.3852 34.8333 0.0000 0.5034
Car -1 -1 -0.2322 774.0791 103.4906 791.8816 176.1940 1.5784 0.4502 0.2839 3.7565 0.0729 15.8873 0.0000 0.9999
Car -1 -1 0.1657 482.9088 137.7968 497.3704 161.5461 0.9872 1.0588 0.4466 -5.1897 -0.4942 31.0239 0.0000 0.9888
Car -1 -1 0.1941 458.2412 132.6618 479.6744 165.3322 1.2612 1.5170 0.5647 -5.6920 -0.3095 28.9583 0.0000 0.9916
Car -1 -1 1.3144 0.0000 62.1346 0.0000 122.4756 0.7651 0.9204 0.3399 -39.5689 -0.7564 10.3750 0.0000 0.9916
Car -1 -1 1.4458 0.0000 0.0000 0.0000 87.2283 0.5299 0.9450 0.2985 -42.4375 -0.6888 5.3318 0.0000 0.8378
Car -1 -1 -0.1512 710.9835 194.9937 725.4298 226.6859 1.2870 0.9795 0.4627 -4.6438 -0.9498 -30.4775 0.0000 0.9998
Car -1 -1 -0.1361 701.1019 186.3099 713.0880 235.2723 2.0756 0.8840 0.4000 -4.2834 -0.5911 -31.2743 0.0000 0.9999
Car -1 -1 -0.1180 688.0283 201.0819 699.6984 219.0360 0.8037 0.6122 0.4714 -3.9795 -1.3249 -33.5715 0.0000 0.9959
Car -1 -1 1.1949 0.0000 238.1806 0.0000 331.4272 1.4121 1.2144 0.9830 31.3849 -1.1759 -12.3874 0.0000 0.9908
Car -1 -1 1.3753 0.0000 328.7845 0.0000 374.0000 0.7469 0.4270 0.8568 30.5640 -1.3531 -6.0520 0.0000 0.4642
Car -1 -1 1.3431 0.0000 289.5782 0.0000 374.0000 0.7125 0.4405 0.8514 27.9882 -1.0838 -6.4846 0.0000 0.7422
Car -1 -1 -1.3719 1241.0000 0.0000 1241.0000 116.6265 1.3974 1.4933 1.0768 22.8877 -0.4175 4.6123 0.0000 0.9549
Car -1 -1 1.3252 0.0000 157.5260 0.0000 196.0888 0.3957 1.6896 0.6216 -32.8976 0.2387 8.2450 0.0000 0.7022
Car -1 -1 1.4418 0.0000 107.5560 0.0000 179.1243 0.5065 0.7789 0.2607 -42.3501 0.0447 5.4928 0.0000 0.9448
Car -1 -1 0.3326 342.5844 184.4225 374.0694 212.7874 0.9952 0.9960 0.7974 9.0592 -0.4280 -26.2237 0.0000 0.6924
Car -1 -1 1.3911 0.0000 247.9327 0.0000 309.6274 0.3138 0.7457 0.3633 27.2662 -0.5536 -4.9533 0.0000 0.4780
Car -1 -1 -1.4804 1241.0000 0.0000 1241.0000 48.4484 0.7438 0.9490 0.4690 40.6129 -0.7165 3.6806 0.0000 0.8926
Car -1 -1 0.3197 346.4172 163.5840 389.9409 210.6677 1.2977 0.6390 1.0051 6.6904 0.2559 -20.2095 0.0000 0.9664
Car -1 -1 0.5814 109.7076 184.6187 154.9528 206.7306 0.5152 0.9102 0.5110 11.6654 -0.2965 -17.7521 0.0000 0.5502
Car -1 -1 0.1984 419.7518 166.8662 508.7047 198.8087 0.7861 2.2197 1.8789 -3.7916 0.6391 18.8644 0.0000 0.4897
Car -1 -1 1.3636 0.0000 114.5742 0.0000 278.5117 1.5809 1.1409 0.2588 -35.8045 1.0192 7.5255 0.0000 0.9988
Car -1 -1 1.4179 0.0000 151.5454 0.0000 374.0000 0.9998 0.6085 0.9025 -20.7734 0.9146 3.2011 0.0000 0.9983
Car -1 -1 0.3666 301.1054 169.4541 357.2641 197.9108 0.7141 1.3722 0.9295 7.2163 0.0857 -18.7964 0.0000 0.6533
Car -1 -1 -0.1296 695.6977 174.7702 715.0950 188.4929 0.4620 0.4414 0.6020 3.2012 0.5282 24.5717 0.0000 0.9457
Car -1 -1 0.2276 422.9354 195.6188 457.2423 237.8535 1.2199 0.8765 0.8284 5.0388 -0.6998 -21.7551 0.0000 0.9935
Car -1 -1 0.3338 345.6120 163.4133 368.5516 182.3829 0.5459 0.8337 0.3817 7.3457 0.2721 -21.1854 0.0000 0.9314
Car -1 -1 0.8246 0.0000 120.6592 0.0000 230.7095 0.8912 0.2693 0.1910 6.4684 0.4230 -5.9802 0.0000 0.9999
Car -1 -1 1.4920 0.0000 374.0000 0.0000 374.0000 0.5909 0.9277 0.8187 -18.6981 1.1835 1.4763 0.0000 0.5172
Car -1 -1 1.0889 0.0000 105.3060 0.0000 231.6257 0.5728 0.1450 0.1641 6.3992 0.3067 -3.3473 0.0000 0.9998
Car -1 -1 -0.7016 1157.3686 203.1208 1241.0000 218.7928 0.1680 1.3325 0.9872 9.2721 0.6567 10.9723 0.0000 0.6474
Car -1 -1 1.4601 0.0000 374.0000 0.0000 374.0000 0.5557 0.0825 0.5554 -17.6624 1.2073 1.9632 0.0000 0.8798
Car -1 -1 -1.4768 1241.0000 0.0000 1241.0000 0.0000 0.6077 0.6275 0.6955 -11.3571 0.9924 -1.0702 0.0000 0.7103
Car -1 -1 0.6444 22.9519 217.1349 103.2464 240.4067 0.4718 1.7499 0.7704 14.1543 -1.2091 -18.8352 0.0000 0.4700
