Car -1 -1 -1.1636 1241.0000 294.8557 1241.0000 366.2653 0.9935 1.4174 1.2209 30.5290 3.3404 13.1664 0.0000 0.3516
Car -1 -1 0.6400 41.3633 80.2384 97.2493 116.7902 0.8588 1.0028 0.7202 14.1410 2.3738 -18.9947 0.0000 0.9106
Car -1 -1 -0.9995 1241.0000 297.3411 1241.0000 333.2150 0.7096 1.3179 0.6532 30.3393 4.1889 19.5023 0.0000 0.4045
Car -1 -1 1.0643 0.0000 0.0000 0.0000 79.2817 1.2823 0.4191 0.4195 21.1608 2.8319 -11.7399 0.0000 0.9981
Car -1 -1 -1.0419 1241.0000 317.5265 1241.0000 368.1105 0.7556 1.4870 1.1154 26.9861 4.0678 15.7712 0.0000 0.4020
Car -1 -1 0.5534 141.4831 44.4950 181.4221 68.8710 0.6028 1.2010 0.5587 14.5604 4.0862 -23.5709 0.0000 0.4372
Car -1 -1 1.2222 0.0000 0.0000 0.0000 0.0000 0.7598 0.7996 0.5037 16.2513 2.5132 -5.9056 0.0000 0.9131
Car -1 -1 -1.1599 1241.0000 374.0000 1241.0000 374.0000 0.8141 2.0780 1.5932 21.5469 3.8095 9.3876 0.0000 0.5726
Car -1 -1 -1.1075 1241.0000 374.0000 1241.0000 374.0000 0.6402 0.5912 0.6176 21.7715 4.1308 10.8775 0.0000 0.9139
Car -1 -1 -1.1295 1241.0000 374.0000 1241.0000 374.0000 0.7321 1.5220 1.4491 20.0598 4.2153 9.4763 0.0000 0.3800
Car -1 -1 1.4642 0.0000 0.0000 0.0000 0.0000 0.6896 1.6366 0.9230 20.1136 3.6512 -2.1514 0.0000 0.5058
Car -1 -1 -1.1982 1241.0000 20.9997 1241.0000 115.2873 1.0210 2.2336 1.2904 26.3293 -0.9100 10.2912 0.0000 0.5155
Car -1 -1 0.7704 0.0000 116.8742 0.0000 167.8536 1.3245 1.2039 1.3688 -18.8884 -0.1387 19.4641 0.0000 0.8743
Car -1 -1 0.8273 0.0000 100.0007 0.0000 181.5444 2.0642 1.0952 1.9936 -20.4548 0.2203 18.8098 0.0000 0.9440
Car -1 -1 1.1000 0.0000 94.5073 0.0000 156.7169 1.1606 1.6244 1.2319 -28.8655 -0.3464 14.6917 0.0000 0.6522
Car -1 -1 1.5008 0.0000 0.0000 0.0000 17.6612 0.5397 1.7283 1.1948 -22.0694 -0.5189 1.5472 0.0000 0.5109
Car -1 -1 -0.9511 1241.0000 208.2404 1241.0000 241.5743 0.6842 1.0789 0.7667 -23.1226 -0.8350 -16.4967 0.0000 0.4320
Car -1 -1 -0.7774 1241.0000 204.7810 1241.0000 225.0463 0.7134 0.7629 0.6049 -26.5622 -1.2106 -26.9878 0.0000 0.3664
Car -1 -1 1.1818 0.0000 83.5507 0.0000 149.5743 1.0628 1.6751 1.0709 -31.8125 -0.4475 13.0399 0.0000 0.6950
Car -1 -1 -0.9987 1241.0000 92.1297 1241.0000 128.1703 0.7542 1.0375 0.6766 26.2489 -1.0786 16.9016 0.0000 0.7147
Car -1 -1 0.9115 0.0000 128.2239 0.0000 151.6452 0.6310 0.7488 0.6378 -26.4379 -0.6130 20.4886 0.0000 0.5440
Car -1 -1 0.9479 0.0000 127.0853 0.0000 175.6257 1.2647 1.8098 0.8667 -27.4263 0.0726 19.7009 0.0000 0.8361
Car -1 -1 1.0050 0.0000 123.8563 0.0000 164.3197 1.0345 0.6251 0.5552 -29.7431 -0.2268 18.8879 0.0000 0.9974
Car -1 -1 1.2985 0.0000 49.8894 0.0000 152.1957 0.8795 0.6969 0.5870 -23.9535 -0.2012 6.6892 0.0000 0.9478
Car -1 -1 -0.9566 1241.0000 190.3820 1241.0000 245.2719 1.1281 0.8523 0.8719 -22.0223 -0.3872 -15.5297 0.0000 0.9346
Car -1 -1 -1.1429 1241.0000 57.7937 1241.0000 133.4061 1.0522 2.0363 0.7665 26.5696 -0.7180 12.1183 0.0000 0.9108
Car -1 -1 -1.0493 1241.0000 79.9110 1241.0000 141.9459 1.0577 2.5147 1.0468 25.7745 -0.6880 14.8094 0.0000 0.5302
Car -1 -1 0.7976 0.0000 143.8193 0.0000 189.8142 1.1766 0.9218 0.7564 -19.3826 0.4342 18.9162 0.0000 0.9968
Car -1 -1 1.3253 0.0000 77.3656 0.0000 214.6974 1.0883 1.2385 1.0666 -25.2844 0.3320 6.3344 0.0000 0.9538
Car -1 -1 -0.9230 1241.0000 179.3495 1241.0000 209.0192 0.6970 0.8194 0.5390 -23.1818 -0.1612 -17.5409 0.0000 0.9870
Car -1 -1 -0.7793 1241.0000 180.6507 1241.0000 211.4726 1.0838 1.4659 0.9815 -26.1543 -0.2936 -26.4774 0.0000 0.9359
Car -1 -1 0.2181 419.8172 172.0641 474.4865 216.6129 1.2811 0.7175 1.4378 4.6777 0.0231 -21.1109 0.0000 0.7455
Car -1 -1 0.9069 0.0000 187.7472 0.0000 247.4527 0.6911 0.9449 0.7259 11.5826 -0.1964 -9.0625 0.0000 0.5951
Car -1 -1 1.0811 0.0000 124.5559 0.0000 225.9885 1.7732 2.2191 1.5781 -25.7391 0.9292 13.7204 0.0000 0.9336
Car -1 -1 1.1457 0.0000 123.6521 0.0000 203.1673 1.3271 2.2888 1.8738 -29.1204 0.5063 13.1838 0.0000 0.4753
Car -1 -1 1.3659 0.0000 157.8361 0.0000 260.2128 0.6197 1.2933 0.9899 -24.1130 0.5292 5.0117 0.0000 0.4046
Car -1 -1 -0.9453 1241.0000 144.1613 1241.0000 230.9845 1.7929 2.2092 1.8330 -22.1605 0.5928 -16.0068 0.0000 0.8842
Car -1 -1 -0.2496 781.8204 174.6665 802.3681 200.8402 1.0528 0.2855 0.7589 -7.4414 -0.0733 -29.1892 0.0000 0.9954
Car -1 -1 0.8668 0.0000 174.7018 0.0000 203.3072 0.8099 1.1506 0.6681 -24.8188 0.8657 21.0745 0.0000 0.4428
Car -1 -1 -1.4162 1241.0000 97.0422 1241.0000 192.2497 0.4563 0.7568 0.6860 -24.6418 0.3637 -3.8389 0.0000 0.5078
Car -1 -1 1.0100 0.0000 191.9907 0.0000 209.5044 0.4077 0.8057 0.6523 -28.7798 0.8982 18.0752 0.0000 0.5259
Car -1 -1 1.1609 0.0000 159.8956 0.0000 254.3016 1.3746 1.3903 1.3640 -25.7727 1.1863 11.1986 0.0000 0.9753
Car -1 -1 0.7335 0.0000 158.6997 0.0000 214.6826 1.0659 0.4195 0.5704 -12.5686 0.7968 13.9451 0.0000 0.9998
Car -1 -1 0.9430 0.0000 187.0068 0.0000 210.3560 0.6388 0.8928 0.5798 -28.5535 1.0544 20.7242 0.0000 0.9573
Car -1 -1 1.5116 0.0000 179.5516 0.0000 374.0000 0.8900 2.0586 1.4099 -20.4877 0.9112 1.2142 0.0000 0.4149
Car -1 -1 -1.1627 1241.0000 55.4331 1241.0000 224.8428 1.2934 0.1770 0.3955 -12.9536 0.8968 -5.6000 0.0000 0.9999
Car -1 -1 0.9610 0.0000 211.8844 0.0000 231.4276 0.4444 1.2536 0.5330 -27.9615 1.5355 19.5346 0.0000 0.6007
Car -1 -1 1.1257 0.0000 214.5699 0.0000 259.2532 0.7178 1.1115 1.2406 -27.6354 1.5126 13.1817 0.0000 0.4750
Car -1 -1 -1.0390 1241.0000 195.1240 1241.0000 224.0400 0.5730 1.1538 0.4817 26.7920 1.0777 15.7612 0.0000 0.4512
Car -1 -1 -0.7859 1241.0000 131.9347 1241.0000 150.6330 0.6046 0.7972 0.5841 -24.7070 1.3772 -24.6802 0.0000 0.6495
Car -1 -1 0.7869 0.0000 220.6357 0.0000 233.3017 0.2070 1.1595 0.1098 -16.7920 1.3545 16.7406 0.0000 0.5338
Car -1 -1 1.3406 0.0000 243.3898 0.0000 374.0000 0.8261 2.2576 1.0339 -27.0772 1.5575 6.3463 0.0000 0.4852
Car -1 -1 1.4595 0.0000 374.0000 0.0000 374.0000 0.5754 1.8002 0.8828 -26.7516 1.7067 2.9909 0.0000 0.4631
Car -1 -1 -1.2454 1241.0000 45.1353 1241.0000 143.0064 0.7638 1.5298 1.2068 -20.3486 1.0797 -6.8654 0.0000 0.6153
Car -1 -1 -1.2068 1241.0000 63.8519 1241.0000 95.4617 0.3263 0.7159 0.6046 -25.0952 1.3903 -9.5612 0.0000 0.5232
Car -1 -1 -1.0237 1241.0000 205.0364 1241.0000 249.4694 1.0618 0.8779 0.6613 30.0712 1.8988 18.3149 0.0000 0.8026
Car -1 -1 1.5163 0.0000 374.0000 0.0000 374.0000 0.3157 1.3898 0.6684 -21.6670 1.4476 1.1817 0.0000 0.5346
Car -1 -1 -0.7962 1241.0000 109.0019 1241.0000 131.8152 0.5198 0.9264 0.2784 -18.9773 1.6026 -18.5716 0.0000 0.4110
Car -1 -1 -1.0040 1241.0000 218.0221 1241.0000 252.0582 0.8707 0.7522 0.4167 31.1580 2.1361 19.8292 0.0000 0.9935
Car -1 -1 -1.0500 1241.0000 236.4576 1241.0000 291.5632 0.9021 1.8629 1.1089 25.9577 2.2973 14.8901 0.0000 0.4755
Car -1 -1 0.4820 211.7869 108.6163 248.3932 145.5383 1.3213 0.9088 0.8892 14.1009 2.3590 -26.9504 0.0000 0.9473
Car -1 -1 0.5007 196.4711 102.7729 229.2550 131.5026 1.0234 0.8608 0.7704 14.9790 2.6171 -27.3743 0.0000 0.9519
Car -1 -1 0.5650 90.2874 77.6819 204.1944 151.4278 2.1278 2.3218 2.0887 14.3641 2.8354 -22.6572 0.0000 0.9339
