Car -1 -1 -1.3879 1241.0000 0.0000 1241.0000 106.0691 1.3378 0.3522 0.4299 15.5562 -0.2824 2.8766 0.0000 0.9997
Car -1 -1 -0.9322 1241.0000 55.7129 1241.0000 155.7125 1.2657 0.4801 0.4039 12.7339 -0.2300 9.4525 0.0000 0.9998
Car -1 -1 -0.5094 994.1211 85.1453 1040.1273 170.0676 1.2519 0.7205 0.2957 6.1539 -0.0436 11.0182 0.0000 0.9997
Car -1 -1 1.5186 0.0000 374.0000 0.0000 374.0000 0.8791 0.5256 0.1697 28.2961 -1.1219 -1.4775 0.0000 0.9994
Car -1 -1 -1.4074 1241.0000 0.0000 1241.0000 0.0000 0.4558 0.9220 0.4517 38.9803 -1.7478 6.4282 0.0000 0.4827
Car -1 -1 -1.3435 1241.0000 0.0000 1241.0000 80.2470 1.3421 1.6610 0.9763 36.2749 -1.1832 8.3885 0.0000 0.9714
Car -1 -1 -0.9866 1241.0000 86.4323 1241.0000 139.3143 1.3871 1.8606 1.4517 31.8119 -1.0207 21.0338 0.0000 0.4668
Car -1 -1 0.7936 0.0000 122.8103 0.0000 166.5150 1.4671 0.4117 0.4652 -24.8884 -0.2166 24.4840 0.0000 0.9999
Car -1 -1 -0.9844 1241.0000 163.8743 1241.0000 301.9762 2.1176 0.6520 0.6395 -17.1471 0.1381 -11.3926 0.0000 0.9998
Car -1 -1 1.0800 0.0000 108.8509 0.0000 147.4004 0.7388 0.5877 0.4605 -27.1492 -0.5219 14.5082 0.0000 0.9390
Car -1 -1 -1.3796 1241.0000 237.0053 1241.0000 374.0000 0.8999 0.4461 0.5153 -21.0007 -0.3806 -4.0649 0.0000 0.9920
Car -1 -1 -0.4608 955.3425 184.3823 976.5086 243.7999 1.6888 0.6216 0.3073 -10.3974 -0.3392 -20.9426 0.0000 0.9998
Car -1 -1 0.7609 0.0000 194.6734 0.0000 268.8737 1.9946 0.8511 0.6120 19.1156 -0.6195 -20.0749 0.0000 0.9999
Car -1 -1 1.1328 0.0000 248.3735 0.0000 310.5219 0.6291 0.7768 0.3331 18.4443 -0.9442 -8.6391 0.0000 0.8945
Car -1 -1 0.2813 379.3572 178.5063 419.5019 223.8025 1.8326 0.4590 1.5065 8.5189 -0.2324 -29.4822 0.0000 0.9944
Car -1 -1 -0.2754 802.5661 119.8290 828.5852 166.6087 1.4239 0.6508 0.6210 6.3228 -0.1961 22.3721 0.0000 0.9999
Car -1 -1 -0.0973 667.1268 185.4299 690.7368 207.0201 1.0763 0.6666 1.1365 -3.5820 -0.6449 -36.6926 0.0000 0.8949
Car -1 -1 1.1427 0.0000 183.2656 0.0000 280.6945 0.9574 0.5450 0.5303 16.2685 -0.1107 -7.4240 0.0000 0.9986
Car -1 -1 -0.4717 936.2949 159.4595 1012.6094 292.5915 1.7475 0.5921 0.7336 -4.9836 0.1762 -9.7699 0.0000 0.9999
Car -1 -1 -1.3196 1241.0000 77.0178 1241.0000 119.8026 0.4604 1.0020 0.6136 37.0340 -0.7356 9.5052 0.0000 0.4250
Car -1 -1 0.7924 0.0000 187.9254 0.0000 200.8372 0.4256 0.3884 0.3350 -24.7705 0.9403 24.4278 0.0000 0.9746
Car -1 -1 1.4863 0.0000 168.5820 0.0000 374.0000 0.4783 0.7535 0.2211 19.1665 0.0077 -1.6234 0.0000 0.9109
Car -1 -1 1.2948 0.0000 157.6739 0.0000 224.5213 0.4599 0.6791 0.4968 18.7391 0.1048 -5.3068 0.0000 0.3937
Car -1 -1 1.0753 0.0000 193.6211 0.0000 231.8751 0.7447 0.6430 0.3812 -27.2288 1.1779 14.7146 0.0000 0.9979
Car -1 -1 1.1426 0.0000 204.2147 0.0000 237.1315 0.6426 0.6317 0.4375 -32.8650 1.3088 15.0013 0.0000 0.9997
Car -1 -1 -1.3944 1241.0000 0.0000 1241.0000 67.4971 0.5202 0.7165 0.4343 -39.4293 1.5987 -7.0276 0.0000 0.9616
Car -1 -1 -1.0593 1241.0000 93.1042 1241.0000 142.0164 0.6606 1.6083 0.8502 -20.6068 1.1895 -11.5658 0.0000 0.6383
Car -1 -1 0.5420 148.4890 185.0898 195.4432 267.0360 1.8229 0.6211 0.6941 9.9091 -0.2839 -16.4571 0.0000 0.9999
Car -1 -1 0.6989 0.0000 129.9508 134.0427 374.0000 1.2900 0.8173 0.7302 2.6545 0.1637 -3.1588 0.0000 0.9998
Car -1 -1 0.9016 0.0000 178.5503 0.0000 360.5200 1.4137 0.6002 0.9964 7.4937 -0.0488 -5.9270 0.0000 0.9999
Car -1 -1 1.0265 0.0000 204.3063 0.0000 315.3380 1.5644 0.3433 0.4790 17.2465 -0.4620 -10.4382 0.0000 0.9992
