Car -1 -1 0.4471 223.3848 118.8548 303.9740 175.4966 1.8317 2.1345 1.7022 -11.6973 0.0858 24.3983 0.0000 0.8974
Car -1 -1 0.6040 7.0170 82.9548 205.2582 194.5747 2.1468 2.5915 2.3607 -10.4683 0.4181 15.1704 0.0000 0.9767
Car -1 -1 -0.3897 887.5194 141.6290 921.4640 188.4507 1.5775 0.7844 0.8414 -10.1476 1.0524 -24.7045 0.0000 0.9998
Car -1 -1 -0.2727 799.3315 155.6118 821.1237 173.5613 0.8436 0.7882 0.8169 -9.5945 0.8107 -34.3078 0.0000 0.8634
Car -1 -1 0.6369 30.1825 181.9742 123.7770 224.3556 0.8849 1.0997 1.2444 -11.7243 1.0925 15.8485 0.0000 0.9338
Car -1 -1 -0.4580 954.8393 145.8854 972.8974 169.9396 0.9644 0.5471 0.4639 -14.4286 1.0841 -29.2712 0.0000 0.9997
Car -1 -1 -0.4171 862.5361 135.8389 998.6950 197.1068 1.6175 2.0482 2.8766 -8.8950 0.9776 -20.0760 0.0000 0.9849
Car -1 -1 1.1481 0.0000 133.4861 0.0000 201.8840 0.6881 0.7152 0.7195 16.9383 0.3964 -7.6188 0.0000 0.8092
Car -1 -1 -1.2437 1241.0000 204.6980 1241.0000 333.0321 1.0450 0.3030 0.6594 -17.9917 -0.2756 -6.1048 0.0000 0.9801
Car -1 -1 -0.5296 989.5463 189.3721 1085.1583 210.4517 0.3506 1.3375 1.0246 8.0282 0.6802 13.7137 0.0000 0.5411
Car -1 -1 0.7674 0.0000 191.4830 0.0000 236.0835 0.7831 0.8926 1.0195 -13.0088 1.1432 13.4846 0.0000 0.5319
Car -1 -1 -0.5320 985.6266 122.0369 1081.6714 181.4879 1.3117 1.3381 1.4217 -9.7654 1.1216 -16.5913 0.0000 0.6802
Car -1 -1 -0.8399 1241.0000 122.4908 1241.0000 161.1025 0.8998 0.4096 0.7277 -19.1243 1.1827 -17.1466 0.0000 0.9926
Car -1 -1 1.0283 0.0000 137.4703 0.0000 205.2651 0.8225 0.1564 0.1823 14.6543 0.4296 -8.8348 0.0000 0.9998
Car -1 -1 -1.2001 1241.0000 40.9260 1241.0000 151.6609 1.1912 0.3860 0.3524 -20.6660 1.4330 -8.0312 0.0000 0.9999
Car -1 -1 0.2129 438.1894 138.5269 464.4993 154.2452 0.4478 0.9158 0.6049 4.7772 1.0299 -22.1002 0.0000 0.3680
Car -1 -1 -0.9332 1241.0000 52.5679 1241.0000 149.0272 0.9234 0.6927 0.7864 -10.0269 1.1804 -7.4275 0.0000 0.8601
Car -1 -1 -0.8425 1241.0000 68.4088 1241.0000 99.4888 0.4198 0.6601 0.6106 -13.0480 1.6367 -11.6368 0.0000 0.9018
Car -1 -1 -0.7566 1241.0000 82.6452 1241.0000 101.0943 0.2731 0.6917 0.7471 -12.9522 1.6723 -13.7216 0.0000 0.5741
Car -1 -1 -1.3448 1241.0000 0.0000 1241.0000 14.4346 0.6210 1.3359 0.8058 -13.8898 1.4685 -3.1933 0.0000 0.7858
Car -1 -1 -1.1796 1241.0000 0.0000 1241.0000 75.7017 0.6707 0.7821 1.1824 -12.0825 1.3942 -4.9829 0.0000 0.5963
Car -1 -1 1.2179 0.0000 374.0000 0.0000 374.0000 0.5536 0.2082 0.3452 -5.5434 1.1640 2.0415 0.0000 0.9998
Car -1 -1 -0.8995 1241.0000 140.5679 1241.0000 317.1264 2.7730 0.4528 0.5391 -14.5553 0.5074 -11.5616 0.0000 0.9998
Car -1 -1 -0.8537 1241.0000 305.5387 1241.0000 374.0000 0.5048 0.2440 0.2420 1.8427 0.8235 1.6066 0.0000 0.9995
Car -1 -1 0.2555 389.5248 174.4418 447.6634 260.4156 2.6110 0.8755 1.5705 5.8423 -0.0498 -22.3697 0.0000 0.9999
Car -1 -1 0.3676 308.4731 187.6947 350.1560 249.8623 1.9447 1.0569 0.9385 8.9945 -0.4908 -23.3540 0.0000 0.9991
Car -1 -1 0.7353 0.0000 55.2899 0.0000 207.9525 1.9903 0.3851 0.5369 -8.6801 0.4580 9.5968 0.0000 0.9999
Car -1 -1 1.3411 0.0000 212.3057 0.0000 374.0000 1.8472 0.6401 0.6900 18.7403 -0.2566 -4.3814 0.0000 0.9998
Car -1 -1 1.4588 0.0000 215.0448 0.0000 374.0000 1.7620 0.4988 0.7144 15.2789 -0.1146 -1.7185 0.0000 0.9993
Car -1 -1 -1.1230 1241.0000 25.1437 1241.0000 143.8364 1.5645 0.8207 0.7393 21.0678 -0.4232 10.1190 0.0000 0.9996
Car -1 -1 0.7970 0.0000 77.8824 0.0000 196.8696 2.3008 1.1746 1.1536 -14.8782 0.4647 14.5366 0.0000 0.9999
Car -1 -1 -1.0437 1241.0000 25.7481 1241.0000 157.7961 1.6003 1.1449 0.8272 16.2288 -0.2087 9.4446 0.0000 0.9928
Car -1 -1 -0.9512 1241.0000 4.2163 1241.0000 178.4306 1.6007 1.1566 1.1744 10.1009 0.0516 7.2051 0.0000 0.9771
Car -1 -1 -0.4153 898.8989 113.5722 965.2483 157.2689 0.8876 1.6872 0.7266 7.0988 -0.3657 16.0996 0.0000 0.6871
Car -1 -1 0.4011 294.3816 109.9429 316.7512 183.1574 2.0332 0.4997 0.4185 -8.6034 0.2865 20.2848 0.0000 0.9999
Car -1 -1 1.0172 0.0000 73.1007 0.0000 165.2472 1.1469 2.8168 1.6739 -17.1813 -0.1265 10.6186 0.0000 0.4511
Car -1 -1 -0.4577 946.3420 196.2013 981.2750 225.9087 1.1499 0.8854 0.9726 -14.3207 -0.9546 -29.0712 0.0000 0.9847
Car -1 -1 -0.2276 764.4704 186.9933 785.8346 227.8586 1.3864 0.8459 0.5519 -5.8357 -0.5016 -25.1971 0.0000 0.9994
Car -1 -1 0.7484 0.0000 182.2784 10.7778 287.8302 2.2792 1.3588 2.2325 15.2144 -0.2225 -16.3839 0.0000 0.9723
Car -1 -1 1.1113 0.0000 191.1045 0.0000 364.7704 1.9839 0.5645 0.7854 17.3547 -0.2239 -8.5868 0.0000 0.9985
Car -1 -1 -1.1672 1241.0000 25.5221 1241.0000 125.3328 1.1996 1.0471 0.7608 22.6926 -0.6726 9.6910 0.0000 0.9818
Car -1 -1 -0.4431 909.0718 105.6459 1005.0985 168.0333 1.5249 2.2877 1.4210 8.9945 -0.1339 18.9540 0.0000 0.4943
Car -1 -1 0.8034 0.0000 116.9081 0.0000 167.8369 1.3813 0.3053 0.5996 -20.4739 -0.1380 19.7492 0.0000 0.9999
Car -1 -1 -1.2652 1241.0000 75.7237 1241.0000 374.0000 2.7493 2.7101 2.9510 -17.8525 0.5758 -5.6327 0.0000 0.9612
Car -1 -1 0.4873 100.9899 169.7641 324.8136 299.7230 2.3001 2.8304 2.8444 7.5190 0.0550 -14.1883 0.0000 0.3705
Car -1 -1 1.2993 0.0000 183.3582 0.0000 374.0000 1.7739 0.3214 0.6800 13.4820 -0.0566 -3.7527 0.0000 0.9998
Car -1 -1 1.5363 0.0000 374.0000 0.0000 374.0000 0.7446 0.3510 0.4848 31.0666 -1.3011 -1.0733 0.0000 0.9966
Car -1 -1 -1.0750 1241.0000 82.2818 1241.0000 120.5861 0.7912 0.4138 0.4517 28.9727 -1.1501 15.6719 0.0000 0.9998
Car -1 -1 -0.2166 760.7542 125.2736 779.2534 166.6967 1.5628 0.5516 0.5844 6.0693 -0.2373 27.5765 0.0000 0.9999
Car -1 -1 -0.7503 1241.0000 162.2754 1241.0000 275.7907 2.6101 0.6173 0.5770 -15.7541 0.2436 -16.9021 0.0000 0.9997
Car -1 -1 -0.3906 896.0559 190.4848 913.9771 223.5527 1.1122 0.5266 0.4006 -10.2166 -0.6123 -24.8145 0.0000 1.0000
Car -1 -1 0.5133 184.9589 206.6565 216.2788 237.0782 0.9006 0.5266 0.6656 12.5222 -1.0525 -22.2127 0.0000 0.9877
Car -1 -1 1.1438 0.0000 19.9617 0.0000 174.3712 1.3624 2.7278 1.5047 -16.9855 0.0137 7.7274 0.0000 0.4487
Car -1 -1 -1.0078 1241.0000 52.0650 1241.0000 154.2980 1.5673 0.5980 0.2726 18.1698 -0.3023 11.4663 0.0000 0.9999
Car -1 -1 -0.8448 1241.0000 193.8716 1241.0000 233.0264 0.9097 0.3752 0.6260 -19.3241 -0.5047 -17.1554 0.0000 0.9917
Car -1 -1 0.3294 333.2328 182.3883 387.3519 224.9586 1.3651 1.3586 1.3398 8.2474 -0.3273 -24.1231 0.0000 0.8893
Car -1 -1 -0.5611 1040.7948 109.8804 1091.7230 169.1074 1.3950 1.2070 0.4836 11.1060 -0.0946 17.6718 0.0000 0.9995
Car -1 -1 -0.3934 899.8257 126.0101 923.6506 160.3032 0.7924 0.7116 0.2729 7.1748 -0.3066 17.2860 0.0000 0.9851
Car -1 -1 0.3003 378.6245 154.2140 396.0139 176.5492 1.0788 0.3087 0.7486 -10.8398 0.1788 35.0020 0.0000 0.9994
Car -1 -1 0.5682 118.0270 143.5823 182.3793 180.6101 1.0366 1.1526 1.1191 -13.2604 0.2175 20.7725 0.0000 0.8967
Car -1 -1 -0.8906 1241.0000 187.0801 1241.0000 214.7449 0.5983 0.6925 0.5550 -20.1579 -0.3280 -16.3088 0.0000 0.8356
Car -1 -1 0.5658 116.8972 199.7261 178.4844 233.1894 0.7108 1.1080 0.7222 10.6512 -0.6448 -16.7727 0.0000 0.4644
Car -1 -1 0.2903 377.0903 184.2720 406.5993 203.2140 0.5927 0.9340 0.6836 7.0534 -0.3806 -23.6086 0.0000 0.6907
Car -1 -1 -0.2355 776.4602 155.0961 791.8202 173.4655 0.7750 0.4410 0.5460 7.3564 0.0262 30.6583 0.0000 0.9536
Car -1 -1 0.9246 0.0000 179.5266 0.0000 229.8157 1.3577 0.3248 0.5597 26.1060 -0.1832 -19.6886 0.0000 0.9996
Car -1 -1 1.2839 0.0000 46.9702 0.0000 91.5679 0.1702 0.6243 0.4798 -14.2376 -0.5084 4.2010 0.0000 0.5182
Car -1 -1 1.4140 0.0000 201.9262 0.0000 374.0000 1.2550 0.6810 0.5282 22.7233 -0.1580 -3.5920 0.0000 0.9985
Car -1 -1 0.6999 0.0000 120.4430 78.3569 215.4274 1.5615 1.4885 1.4493 -10.6133 0.7003 12.6035 0.0000 0.9095
Car -1 -1 0.5937 109.5041 169.6764 131.3506 206.7845 1.0979 0.3643 0.4049 14.5325 0.0944 -21.5325 0.0000 0.9993
Car -1 -1 -1.3860 1241.0000 0.0000 1241.0000 149.4305 1.0538 0.8417 1.1014 14.3895 -0.1007 2.6899 0.0000 0.8703
Car -1 -1 0.9771 0.0000 152.3325 0.0000 215.8095 0.9082 0.5825 1.1114 -15.7241 0.6149 10.6118 0.0000 0.9323
Car -1 -1 0.8084 0.0000 181.2124 0.0000 219.3033 1.0239 0.4627 0.9733 -20.6566 1.2555 19.7258 0.0000 0.8750
Car -1 -1 0.9494 0.0000 175.7296 0.0000 215.3497 0.8294 0.5264 0.5156 -21.5124 0.8922 15.4032 0.0000 0.9996
Car -1 -1 -0.5403 1016.3564 147.4287 1065.7401 198.7704 1.6153 0.8482 1.0755 -13.8744 0.8003 -23.1278 0.0000 0.9853
Car -1 -1 -0.4402 937.0666 164.6633 959.4104 179.0474 0.6393 0.8570 0.6041 -15.3077 0.3644 -32.5016 0.0000 0.9283
Car -1 -1 -0.4003 898.9684 177.4483 935.5819 191.6548 0.4015 0.8942 0.6908 8.9399 0.5393 21.1267 0.0000 0.4076
Car -1 -1 0.4432 245.1860 197.4381 292.2736 213.6732 0.4345 0.7625 1.0003 -9.8948 1.1582 20.8443 0.0000 0.3788
Car -1 -1 0.4584 241.7145 190.4439 268.3991 205.6186 0.5322 0.4677 0.7347 -12.8686 1.1740 26.0764 0.0000 0.8968
Car -1 -1 0.7486 0.0000 183.0598 0.0000 218.4798 0.7319 0.6605 0.5624 -14.3322 0.9551 15.4266 0.0000 0.9064
