Car -1 -1 -1.4805 1241.0000 260.3155 1241.0000 374.0000 1.2144 1.1606 1.5244 -28.4492 -0.3819 -2.5757 0.0000 0.9282
Car -1 -1 -1.4210 1241.0000 99.8495 1241.0000 374.0000 2.2960 2.1163 2.1852 -23.7065 0.2551 -3.5790 0.0000 0.9000
Car -1 -1 -1.0718 1241.0000 90.5953 1241.0000 374.0000 2.0187 0.2822 0.3147 -7.7954 0.4683 -4.2486 0.0000 0.9999
Car -1 -1 -0.6159 1101.3977 174.1305 1135.6793 254.8340 2.4189 0.5116 0.6792 -15.4956 -0.0388 -21.8934 0.0000 0.9998
Car -1 -1 0.7198 0.0000 57.9987 1.5164 203.3806 1.7783 0.2771 0.2530 -7.8573 0.3738 8.9615 0.0000 0.9999
Car -1 -1 0.5950 45.3315 196.0648 179.0935 275.4209 1.0191 1.4871 0.9113 7.0707 -0.3596 -10.4476 0.0000 0.9339
Car -1 -1 0.7256 0.0000 211.3751 6.6149 258.9436 0.8769 1.5172 0.4257 13.5622 -0.8563 -15.2908 0.0000 0.6234
Car -1 -1 1.4523 0.0000 276.1952 0.0000 374.0000 1.4542 1.9972 1.1473 19.5674 -0.4760 -2.3299 0.0000 0.5112
Car -1 -1 0.2401 427.2996 140.9563 441.3798 158.9899 0.7311 0.2395 0.5186 -7.2363 -0.5699 29.5539 0.0000 0.9889
Car -1 -1 0.4713 232.7220 124.4502 256.0234 164.2674 0.9247 0.2956 0.3983 -8.6452 -0.2033 16.9650 0.0000 0.9998
Car -1 -1 1.4909 0.0000 0.0000 0.0000 19.8520 0.4603 0.3516 0.1420 -18.7751 -0.3561 1.5025 0.0000 0.9964
Car -1 -1 -0.4259 921.7189 159.9704 948.3645 269.5482 2.9628 0.7235 0.4075 -9.0169 0.3487 -19.8737 0.0000 0.9999
Car -1 -1 0.3890 304.4395 206.1507 320.4133 225.6622 0.8676 0.7398 0.4418 13.8208 -1.5726 -33.7194 0.0000 0.8967
Car -1 -1 0.4103 286.5699 122.8581 307.9474 175.4927 1.9743 0.4656 0.6072 -11.8714 0.0993 27.2947 0.0000 0.9999
Car -1 -1 0.3258 346.4448 130.0587 387.9499 176.5240 1.5711 0.9271 1.1186 -8.3969 0.1244 24.8571 0.0000 0.9770
Car -1 -1 0.7671 0.0000 110.2724 0.0000 170.7264 1.3644 2.5478 0.3238 -17.0115 -0.0554 17.6449 0.0000 0.8936
Car -1 -1 -1.0559 1241.0000 54.3900 1241.0000 165.1361 0.9266 0.6581 0.7576 11.3283 -0.0717 6.4091 0.0000 0.9973
Car -1 -1 0.4440 257.5485 153.6531 277.6101 177.4491 1.0710 0.6084 0.6230 -15.5910 0.2072 32.7751 0.0000 0.9991
Car -1 -1 -0.3168 799.3281 155.7902 892.4888 234.0738 2.3606 1.6206 2.3829 -7.3998 0.5149 -22.5702 0.0000 0.9966
Car -1 -1 0.1619 482.9717 187.2918 498.3916 200.5056 0.7589 0.1199 0.8699 6.7985 -0.8339 -41.6342 0.0000 0.7224
Car -1 -1 0.5333 148.3392 181.1997 212.4385 228.7648 1.1789 0.9098 1.1021 10.9223 -0.2189 -18.5004 0.0000 0.9927
Car -1 -1 0.6861 0.0000 183.6763 65.8149 265.8259 1.3777 0.9574 1.0598 10.4059 -0.1974 -12.7086 0.0000 0.9725
Car -1 -1 0.6943 0.0000 138.0751 25.9703 196.1865 1.6078 0.8256 0.1794 -16.9641 0.6459 20.3736 0.0000 1.0000
Car -1 -1 0.5439 151.7981 161.5227 197.5686 194.3795 1.0784 0.8385 1.0234 -14.5719 0.7068 24.0974 0.0000 0.9110
Car -1 -1 0.5184 183.2648 173.9822 216.1369 200.7114 0.7720 0.9578 0.4290 -12.1808 0.8065 21.3549 0.0000 0.9970
Car -1 -1 0.5009 194.1166 178.8074 230.6301 213.2411 1.0779 0.4829 0.8936 12.5460 -0.1907 -22.9139 0.0000 0.9857
Car -1 -1 0.9686 0.0000 155.5249 0.0000 270.4965 1.0868 2.9985 1.1613 12.1067 0.1642 -8.3225 0.0000 0.4189
Car -1 -1 0.6469 34.6238 173.5550 97.6311 213.4726 0.8522 1.2590 0.4539 -12.1252 0.8688 16.0534 0.0000 0.9881
Car -1 -1 -0.3151 836.9793 163.1666 850.4436 181.9310 1.0117 0.3516 0.6151 -12.7397 0.5227 -39.0807 0.0000 0.9956
Car -1 -1 0.5837 111.9255 173.0087 147.9684 209.9343 0.8146 0.5129 0.4671 10.6867 -0.0032 -16.1797 0.0000 0.6830
Car -1 -1 0.7493 0.0000 174.0727 0.0000 224.1049 0.8798 0.8712 0.6766 -12.2245 0.9031 13.1416 0.0000 0.9782
Car -1 -1 0.7858 0.0000 177.5713 0.0000 226.7308 0.9024 2.1000 0.4327 -14.5043 1.0044 14.4933 0.0000 0.8334
Car -1 -1 -1.2594 1241.0000 83.6990 1241.0000 250.4143 1.0008 0.5467 0.5044 -14.3139 0.5355 -4.6073 0.0000 0.9994
Car -1 -1 0.8092 0.0000 145.9301 0.0000 160.5310 0.2152 1.0055 0.3090 12.5742 0.4288 -11.9886 0.0000 0.6612
Car -1 -1 1.4868 0.0000 329.1487 0.0000 374.0000 0.3675 1.2616 0.3571 -12.0640 0.7252 1.0162 0.0000 0.6752
Car -1 -1 -0.4397 936.8255 129.0336 958.3068 148.1407 0.7412 0.3699 0.6798 -13.4804 1.7294 -28.6572 0.0000 0.7571
Car -1 -1 -0.3344 820.5564 120.1977 898.3589 150.3358 0.7343 1.4059 1.5977 -6.7177 1.3599 -19.3355 0.0000 0.9048
Car -1 -1 -0.2927 810.2246 0.0000 839.4459 0.0000 0.5907 0.2103 0.6942 -5.6345 6.8538 -18.6943 0.0000 0.9720
Car -1 -1 1.5226 0.0000 0.0000 0.0000 0.0000 0.5989 0.3552 0.4131 -19.4458 -0.4250 0.9376 0.0000 0.9888
