Car -1 -1 0.2816 386.0581 131.6686 419.1555 163.8257 0.9985 0.3810 0.9320 -6.5668 -0.2861 22.6989 0.0000 0.9004
Car -1 -1 -1.1926 1241.0000 204.2132 1241.0000 298.4460 1.1672 1.5209 1.3032 -25.6913 -0.4762 -10.2068 0.0000 0.5462
Car -1 -1 -1.1386 1241.0000 227.9545 1241.0000 253.1847 0.3170 0.9728 0.2968 -25.3226 -0.9285 -11.6799 0.0000 0.4278
Car -1 -1 0.1972 452.5806 200.0009 473.2878 235.9430 0.9065 0.2893 0.4739 3.7098 -0.7034 -18.5631 0.0000 0.9994
Car -1 -1 0.9138 0.0000 216.0314 0.0000 269.5334 1.2054 0.9696 0.5605 22.7218 -1.0773 -17.5259 0.0000 0.9991
Car -1 -1 1.0251 0.0000 191.4940 0.0000 374.0000 1.2587 1.3150 1.3697 8.5568 -0.1508 -5.1962 0.0000 0.9447
Car -1 -1 1.0834 0.0000 169.8639 0.0000 374.0000 1.2173 0.3815 0.3516 5.8066 0.0123 -3.0780 0.0000 0.9999
Car -1 -1 1.1304 0.0000 90.1778 0.0000 150.1703 0.8931 1.6965 0.9636 -25.9466 -0.4108 12.2279 0.0000 0.4425
Car -1 -1 1.4236 0.0000 348.1607 0.0000 374.0000 0.8774 0.4573 0.4096 20.7903 -0.8036 -3.0830 0.0000 0.9988
Car -1 -1 -1.2678 1241.0000 0.0000 1241.0000 115.4191 0.9816 0.6614 0.5212 12.7168 -0.3427 3.9763 0.0000 0.9993
Car -1 -1 1.1980 0.0000 53.8538 0.0000 156.3212 1.1847 2.6188 1.2444 -25.7513 -0.2605 10.0712 0.0000 0.4739
Car -1 -1 -1.0229 1241.0000 203.8914 1241.0000 254.3329 0.9843 2.2984 1.1515 -27.2819 -0.7650 -16.6463 0.0000 0.5804
Car -1 -1 -0.6977 1198.6178 203.9626 1227.6184 222.3524 0.6887 0.4770 0.7290 -23.5323 -1.2200 -28.0691 0.0000 0.9266
Car -1 -1 0.2184 435.7338 201.8910 460.1668 225.6323 1.0017 0.6399 0.9249 7.0004 -1.2820 -31.5487 0.0000 0.7997
Car -1 -1 0.6003 100.8974 204.0396 124.2312 253.5917 1.0279 0.4218 0.2088 10.5740 -0.6762 -15.4459 0.0000 0.9998
Car -1 -1 0.6436 40.9609 202.5466 90.7960 248.5048 1.4784 1.2596 0.7537 18.4956 -1.0401 -24.6572 0.0000 0.9825
Car -1 -1 -1.4377 1241.0000 0.0000 1241.0000 3.7358 0.8433 1.6487 1.0238 26.1026 -1.0124 3.4938 0.0000 0.7438
Car -1 -1 -0.2305 762.9097 120.2094 799.6743 168.0952 1.5489 1.7213 0.8321 5.7186 -0.1661 24.3676 0.0000 0.9996
Car -1 -1 1.3837 0.0000 0.0000 0.0000 124.1274 1.0090 1.0105 1.0144 -27.7661 -0.3889 5.2554 0.0000 0.8987
Car -1 -1 -0.8249 1241.0000 205.2875 1241.0000 226.3580 0.7217 0.7170 0.7920 -28.3337 -1.1924 -26.1784 0.0000 0.7029
Car -1 -1 -0.7588 1241.0000 202.3462 1241.0000 227.1481 0.8639 0.6571 0.6899 -24.8833 -1.0857 -26.2445 0.0000 0.9745
Car -1 -1 -0.6628 1155.5903 188.8679 1185.9022 244.8469 1.3560 0.6450 0.2539 -14.0414 -0.4060 -17.9881 0.0000 0.9998
Car -1 -1 0.6178 80.2586 194.6635 109.1280 234.5487 1.2841 0.8131 0.3833 17.1154 -0.7398 -24.0836 0.0000 0.9989
Car -1 -1 -0.3615 849.4136 108.7915 924.0461 173.3473 1.3214 1.3490 1.0792 5.8377 0.0105 15.4406 0.0000 0.7022
Car -1 -1 -0.7385 1241.0000 184.1497 1241.0000 207.9171 0.8754 1.0620 0.7339 -25.1359 -0.4402 -27.6131 0.0000 0.9962
Car -1 -1 -0.3146 805.6700 122.9148 892.3693 172.9858 1.2271 2.0783 1.5599 6.0911 0.0036 18.7193 0.0000 0.4715
Car -1 -1 0.8190 0.0000 144.4645 0.0000 183.7773 1.3348 0.9623 0.4537 -26.7126 0.3712 24.9770 0.0000 0.9993
Car -1 -1 -0.7014 1200.8831 181.8313 1234.8379 199.4328 0.6946 0.7090 0.7758 -24.6587 -0.3672 -29.1906 0.0000 0.8506
Car -1 -1 -0.5266 988.4458 123.7478 1081.6800 183.9551 0.8743 1.0482 0.8035 6.3944 0.1616 10.9993 0.0000 0.9911
Car -1 -1 -0.7661 1241.0000 153.7152 1241.0000 179.3468 0.9451 1.1378 0.6169 -26.1458 0.7061 -27.1766 0.0000 0.9557
Car -1 -1 -0.3192 827.2083 178.4294 875.2767 194.3452 0.3557 0.9669 0.8051 5.6004 0.4907 16.9438 0.0000 0.4897
Car -1 -1 0.0082 548.9926 137.2641 649.7874 185.6962 0.7928 2.3475 1.6499 0.1066 0.5829 -12.9873 0.0000 0.5510
Car -1 -1 -0.7733 1241.0000 126.2593 1241.0000 145.0657 0.6612 0.8513 0.1951 -26.4077 1.7198 -27.0545 0.0000 0.9870
Car -1 -1 -1.3937 1241.0000 237.7503 1241.0000 374.0000 0.8398 2.9041 0.9948 -25.7448 -0.5444 -4.6073 0.0000 0.6815
Car -1 -1 0.4576 239.0869 207.2351 275.3787 238.3275 0.4650 0.8560 0.1940 -5.9898 1.0655 12.1634 0.0000 0.9630
Car -1 -1 -0.4167 912.0678 111.6899 940.1197 139.5515 0.4432 0.8218 0.1399 -5.6982 1.0566 -12.8735 0.0000 0.8927
Car -1 -1 -1.2298 1241.0000 230.8387 1241.0000 282.0955 0.5167 1.0697 0.6331 -25.4196 -0.7673 -9.0207 0.0000 0.4882
