Car -1 -1 0.6686 0.9428 89.4443 82.1839 189.2505 1.8775 0.7973 0.9455 -11.0363 0.3088 13.9693 0.0000 0.9991
Car -1 -1 0.8201 0.0000 9.2647 11.5942 211.6809 1.6537 2.4513 1.3073 -7.6303 0.3176 7.1178 0.0000 0.6105
Car -1 -1 0.8372 0.0000 161.1508 0.0000 365.1162 1.5366 0.2393 0.2130 6.1667 0.0885 -5.5582 0.0000 0.9999
Car -1 -1 1.2569 0.0000 0.0000 0.0000 181.5479 1.2243 0.7163 0.4999 -12.9150 0.0466 4.1926 0.0000 0.9999
Car -1 -1 0.0808 537.9002 193.3360 560.6744 234.0704 1.4189 0.5968 0.7624 2.0849 -0.7386 -25.7353 0.0000 0.9990
Car -1 -1 0.1347 493.8571 182.4879 525.1783 249.9736 1.9733 0.7630 0.8313 2.9251 -0.2930 -21.5913 0.0000 0.9998
Car -1 -1 0.2965 358.5524 193.4954 415.0585 241.4277 1.6185 1.1050 1.6474 7.7574 -0.7418 -25.3943 0.0000 0.8952
Car -1 -1 0.9080 0.0000 227.4768 0.0000 251.4168 0.6460 0.6132 0.5001 27.1306 -1.6259 -21.1777 0.0000 0.5550
Car -1 -1 0.9974 0.0000 41.3920 0.0000 176.1706 1.0538 0.4783 0.5876 -9.1033 0.0263 5.8781 0.0000 0.9997
Car -1 -1 0.2634 409.2246 143.2400 423.4782 157.5845 0.6101 0.3544 0.5222 -8.4235 -0.6645 31.2379 0.0000 0.9964
Car -1 -1 0.4279 265.3631 124.3421 299.2936 169.3261 1.3191 0.5598 0.7563 -9.7960 -0.1060 21.4798 0.0000 0.9988
Car -1 -1 0.4667 230.5206 209.5940 257.6474 230.2512 0.6712 0.7330 0.5730 12.6553 -1.2972 -25.1192 0.0000 0.9461
Car -1 -1 -0.7198 1206.1133 180.1121 1241.0000 269.9883 1.3665 0.7312 0.4205 -9.9933 -0.1179 -11.3975 0.0000 0.9998
Car -1 -1 0.1778 446.4398 181.7706 508.5370 240.0925 1.9062 0.9813 1.9051 4.3530 -0.3051 -24.2266 0.0000 0.9654
Car -1 -1 0.4950 198.9526 200.6566 237.0830 221.7912 0.7061 0.8060 0.9139 13.8053 -1.0005 -25.5733 0.0000 0.7377
Car -1 -1 0.4703 225.1217 197.7666 256.4898 223.2872 0.8742 0.6824 0.7695 13.0785 -0.8995 -25.7249 0.0000 0.8668
Car -1 -1 -1.0181 1241.0000 115.2162 1241.0000 150.1934 0.6804 0.9781 0.7945 24.5720 -0.4910 15.1551 0.0000 0.5294
Car -1 -1 0.1109 520.0020 191.6148 534.8360 208.9329 0.5852 0.6159 0.4512 2.8238 -0.6670 -25.3614 0.0000 0.7217
Car -1 -1 0.2503 407.9496 186.3913 438.0020 218.2081 1.0398 0.9715 0.7684 6.2603 -0.4680 -24.4824 0.0000 0.9803
Car -1 -1 -0.5237 1016.6916 172.8611 1032.3189 193.4186 0.6863 0.2282 0.3929 -13.9760 0.0001 -24.2033 0.0000 0.9993
Car -1 -1 -0.1037 674.6795 181.6956 691.1272 199.5865 0.5640 0.5891 0.4720 -2.4281 -0.2891 -23.3340 0.0000 0.9996
Car -1 -1 -1.3353 1241.0000 0.0000 1241.0000 273.0870 1.3127 0.9933 0.7339 11.1416 0.3031 2.6733 0.0000 0.9998
Car -1 -1 -0.3444 861.2424 156.9074 879.3750 175.9289 0.6087 0.3890 0.4446 8.3519 0.0988 23.2808 0.0000 0.9975
Car -1 -1 0.9030 0.0000 182.0083 0.0000 197.5303 0.2513 1.1425 0.5885 16.3970 -0.1709 -12.9317 0.0000 0.4751
Car -1 -1 -0.5170 997.8611 125.9342 1048.5645 192.6265 1.3042 0.5015 0.7216 8.1642 0.3870 14.3579 0.0000 0.9997
Car -1 -1 0.2558 413.5675 177.1975 430.8517 196.0093 0.8000 0.6037 0.5889 -8.1385 0.9896 31.1242 0.0000 0.9984
Car -1 -1 0.1023 522.6961 171.0567 545.2951 184.2251 0.5626 0.3417 0.9351 3.1836 0.0771 -30.9993 0.0000 0.4862
Car -1 -1 0.9618 0.0000 163.7474 0.0000 220.1240 0.8694 1.2387 0.8425 16.8469 0.1408 -11.7494 0.0000 0.3354
Car -1 -1 -0.8188 1241.0000 172.4525 1241.0000 185.5040 0.4437 0.3367 0.4876 26.4046 0.4305 24.6977 0.0000 0.9416
Car -1 -1 1.0228 0.0000 149.6619 0.0000 184.6451 0.5075 0.6722 0.8583 17.7035 0.3368 -10.8063 0.0000 0.5610
Car -1 -1 -0.6629 1142.6671 140.8711 1199.1212 162.3905 0.4800 0.5549 0.8702 -12.9943 0.7256 -16.6425 0.0000 0.4533
Car -1 -1 1.0036 0.0000 129.8623 0.0000 158.4689 0.3646 1.0902 0.8430 16.1569 0.5809 -10.2911 0.0000 0.5156
Car -1 -1 1.4079 0.0000 0.0000 0.0000 91.2409 0.3844 0.2889 0.1731 12.6307 0.6356 -2.0762 0.0000 0.9981
