Car -1 -1 -0.9183 1241.0000 136.9678 1241.0000 339.6997 2.5385 2.2251 1.1904 -13.2840 0.4497 -10.1500 0.0000 0.9998
Car -1 -1 -0.2752 769.0191 247.6849 870.8614 269.2425 0.1784 2.7212 1.5746 4.7360 2.0598 16.7747 0.0000 0.7295
Car -1 -1 0.8585 0.0000 42.2678 0.0000 64.8746 0.1636 0.9227 0.8001 11.6875 1.7431 -10.0933 0.0000 0.5471
Car -1 -1 0.9382 0.0000 24.9414 0.0000 63.9012 0.2039 1.5820 1.2098 12.2698 1.6816 -8.9950 0.0000 0.5112
Car -1 -1 -0.7494 1234.5453 28.5619 1241.0000 103.5486 0.5264 0.3815 0.2763 -5.2216 1.0839 -5.6117 0.0000 0.9968
Car -1 -1 0.3390 326.9059 78.5596 367.8922 129.5309 0.4016 0.4370 0.1977 2.2138 0.7918 -6.2777 0.0000 0.9785
Car -1 -1 -0.5971 966.9320 361.2056 1241.0000 374.0000 0.1215 2.7176 0.9562 4.0245 2.0225 5.9195 0.0000 0.7174
Car -1 -1 -0.9196 1233.9388 374.0000 1241.0000 374.0000 0.0900 2.5399 0.7938 4.2236 1.9982 3.2186 0.0000 0.6206
Car -1 -1 -0.7049 1166.7852 128.9724 1241.0000 346.8770 1.9480 0.4091 0.6132 -5.6637 0.3926 -6.6575 0.0000 0.9993
Car -1 -1 0.2961 365.2485 0.0000 402.8219 0.0000 0.3641 0.1258 0.3929 2.5329 3.0568 -8.3032 0.0000 0.9672
Car -1 -1 -0.6140 1072.4067 157.8200 1161.2218 282.4403 2.4565 1.0137 1.1004 -10.3840 0.2967 -14.7325 0.0000 0.9998
Car -1 -1 -0.5360 967.5867 160.7534 1111.9230 279.0075 2.5281 1.9028 2.1415 -9.7289 0.2591 -16.3796 0.0000 0.9994
Car -1 -1 0.3151 328.5787 161.8309 408.3282 305.3636 1.6789 0.3751 0.8282 2.8127 0.1293 -8.6304 0.0000 0.9972
Car -1 -1 0.8916 0.0000 194.1325 0.0000 303.7751 1.6284 0.9492 1.2328 14.0926 -0.3491 -11.3779 0.0000 0.9840
Car -1 -1 1.0648 0.0000 188.9123 0.0000 374.0000 1.4678 0.7056 0.8539 10.5688 -0.1378 -5.8559 0.0000 0.9997
Car -1 -1 -1.3695 1241.0000 0.0000 1241.0000 148.7950 1.4031 0.8378 0.6061 11.7141 -0.0934 2.3908 0.0000 0.9998
Car -1 -1 -0.7159 1188.3057 75.6498 1241.0000 168.2044 1.5071 0.8624 1.0795 10.6304 -0.0812 12.2209 0.0000 0.9819
Car -1 -1 -0.4610 948.5915 98.3904 994.0350 169.3640 1.3822 0.5992 0.6053 7.1410 -0.0707 14.3785 0.0000 0.9991
Car -1 -1 -0.6660 1115.2188 198.5365 1238.3996 240.0047 0.7475 1.4719 1.3444 -11.5170 -0.5474 -14.6561 0.0000 0.5066
Car -1 -1 -0.9675 1241.0000 195.4807 1241.0000 270.1511 1.0453 1.0339 1.2786 -15.8681 -0.3586 -10.9338 0.0000 0.6649
Car -1 -1 -0.8600 1241.0000 186.4462 1241.0000 255.2127 1.7231 0.8756 1.1914 -21.7144 -0.3600 -18.6935 0.0000 0.9985
Car -1 -1 0.2502 362.5104 181.2900 477.7089 258.1289 2.0558 2.0757 2.7391 5.2582 -0.2523 -20.5725 0.0000 0.9825
Car -1 -1 0.8728 0.0000 184.9841 0.0000 318.2885 1.5409 0.6673 0.9456 10.4146 -0.1521 -8.7373 0.0000 0.9981
Car -1 -1 -1.4083 1241.0000 242.7756 1241.0000 374.0000 0.6488 0.4591 0.3438 -21.9980 -0.3711 -3.6061 0.0000 0.9991
Car -1 -1 0.8501 0.0000 206.3345 0.0000 249.4037 0.8689 0.7100 0.9471 17.6093 -0.7336 -15.4659 0.0000 0.7154
Car -1 -1 -0.6484 1128.1498 196.3244 1180.0410 229.7601 0.6751 0.6294 0.6271 -11.6139 -0.5084 -15.3274 0.0000 0.9715
Car -1 -1 0.3598 329.3266 155.4894 349.6632 173.8512 0.7616 0.6296 0.6167 -11.3750 0.0417 30.2401 0.0000 0.9989
Car -1 -1 1.2899 0.0000 0.0000 0.0000 220.5543 1.5198 0.9839 0.8838 -14.9417 0.2530 4.3114 0.0000 0.9930
Car -1 -1 -1.1497 1241.0000 211.4510 1241.0000 272.0521 0.5175 0.9050 0.6417 -16.0614 -0.4085 -7.1934 0.0000 0.8650
Car -1 -1 -1.1251 1241.0000 100.6148 1241.0000 318.9568 2.3080 2.2407 2.3100 -18.3171 0.7640 -8.7502 0.0000 0.9968
Car -1 -1 -0.7499 1232.8202 165.4801 1241.0000 219.2410 0.9423 0.8991 0.8805 -12.2010 0.1296 -13.0991 0.0000 0.9229
Car -1 -1 0.8503 0.0000 177.4893 0.0000 248.3514 1.0183 1.2920 1.0695 12.6460 -0.0751 -11.1016 0.0000 0.9813
Car -1 -1 0.9379 0.0000 181.9601 0.0000 270.1069 1.1906 1.3707 1.3247 14.4174 -0.1417 -10.5759 0.0000 0.4612
Car -1 -1 1.4847 0.0000 259.3023 0.0000 374.0000 0.8752 0.6980 0.7204 17.7865 -0.2250 -1.5346 0.0000 0.9820
Car -1 -1 0.9112 0.0000 179.3817 0.0000 284.9349 1.2726 1.2023 1.0240 12.0923 -0.0899 -9.3778 0.0000 0.9669
Car -1 -1 -0.5992 1068.6041 135.4130 1144.6317 186.2495 0.9094 0.7508 0.8823 9.0703 0.2400 13.2794 0.0000 0.8321
Car -1 -1 0.1606 455.5503 176.1379 529.9093 208.4584 0.8177 2.2670 1.6547 -3.1779 0.9125 19.6152 0.0000 0.5910
Car -1 -1 0.7681 0.0000 145.7802 0.0000 228.2930 1.4600 0.9249 0.9393 -12.7759 0.9813 13.2267 0.0000 0.9989
Car -1 -1 -0.6543 1117.6112 138.4158 1205.6882 222.8729 1.7289 0.9314 1.1472 -11.6892 0.7053 -15.2385 0.0000 0.9995
Car -1 -1 -0.3464 810.4044 151.5052 946.3116 197.8044 0.9044 2.5292 1.9509 5.5430 0.4878 15.3568 0.0000 0.6788
Car -1 -1 0.1782 470.0218 183.7633 493.1550 198.5721 0.4089 0.5355 0.5650 -3.7063 0.7245 20.5814 0.0000 0.4375
Car -1 -1 0.3783 302.6839 177.7367 345.5408 206.2880 0.9938 0.9088 1.1684 -10.2233 1.1713 25.7220 0.0000 0.4845
Car -1 -1 -1.0717 1241.0000 89.1909 1241.0000 197.9924 0.8605 1.0713 1.0683 11.4453 0.1992 6.2394 0.0000 0.7786
Car -1 -1 -0.8958 1241.0000 125.4601 1241.0000 200.3668 0.8074 0.9824 1.0584 10.3276 0.2969 8.2661 0.0000 0.3501
Car -1 -1 0.4643 206.0774 181.3537 290.5688 218.6566 0.8929 1.9962 1.1932 -9.3755 1.1256 18.7211 0.0000 0.4746
Car -1 -1 0.5148 163.6646 178.6518 243.1704 235.8698 0.9096 0.9967 0.7689 -6.8260 1.0109 12.0666 0.0000 0.9418
Car -1 -1 0.7056 0.0000 175.1745 54.8495 253.5772 0.9877 0.5756 0.9955 -8.0013 1.0192 9.3918 0.0000 0.9609
Car -1 -1 -1.2046 1241.0000 175.3196 1241.0000 374.0000 1.3260 2.2215 1.2304 -13.4398 -0.0210 -5.1548 0.0000 0.3945
Car -1 -1 -0.7034 1182.4082 129.0154 1241.0000 188.3336 1.0844 0.8592 0.6787 -11.5534 0.8018 -13.6226 0.0000 0.9672
Car -1 -1 1.5307 0.0000 374.0000 0.0000 374.0000 0.4388 0.6738 0.4447 -15.1474 0.7766 0.6070 0.0000 0.4445
Car -1 -1 0.9651 0.0000 201.5861 0.0000 271.7005 0.8094 1.3635 0.7206 -13.8153 1.2179 9.5668 0.0000 0.6004
Car -1 -1 -0.7658 1241.0000 127.2602 1241.0000 157.4664 0.5691 0.6243 0.2713 -13.6799 0.8795 -14.2281 0.0000 0.9966
Car -1 -1 1.0946 0.0000 204.1059 0.0000 304.3494 0.9461 0.9375 1.1937 -14.6728 1.2947 7.5685 0.0000 0.4988
Car -1 -1 0.7850 0.0000 208.9047 0.0000 257.2121 0.7184 1.1206 0.9117 -12.1134 1.3526 12.1237 0.0000 0.5067
Car -1 -1 -0.9566 1241.0000 190.9813 1241.0000 272.2875 1.2593 1.1056 1.0799 -16.9849 -0.3144 -11.9772 0.0000 0.8347
Car -1 -1 -1.0750 1241.0000 52.8702 1241.0000 132.3554 0.8483 0.6909 0.9609 -15.5304 1.3394 -8.4007 0.0000 0.9274
Car -1 -1 1.1409 0.0000 268.5602 0.0000 354.9523 0.5709 1.0559 0.6727 -14.0958 1.4989 6.4631 0.0000 0.4930
Car -1 -1 -1.2330 1241.0000 0.0000 1241.0000 187.4456 1.0200 2.0281 1.4339 -7.5689 0.9871 -2.6586 0.0000 0.4525
