Car -1 -1 -0.8918 1223.0000 171.8638 1223.0000 318.6103 1.0673 1.3577 1.4506 -7.2197 0.0646 -5.8262 0.0000 0.5580
Car -1 -1 -0.5464 998.4938 183.9701 1066.8536 240.1302 1.1937 1.0485 0.8745 -9.5023 -0.0773 -15.6230 0.0000 0.9967
Car -1 -1 0.4264 227.2195 193.4643 326.5859 253.1082 1.0151 1.3548 1.2008 5.9099 -0.2490 -13.0102 0.0000 0.5121
Car -1 -1 -1.3944 1223.0000 0.0000 1223.0000 110.1901 1.1691 1.6936 1.2667 12.7197 -0.3085 2.2679 0.0000 0.4447
Car -1 -1 -1.2721 1223.0000 0.0000 1223.0000 23.8778 0.1132 0.4761 0.0804 9.1460 -0.6759 2.8162 0.0000 0.6936
Car -1 -1 -0.7938 1223.0000 60.9071 1223.0000 160.5490 1.3132 0.7476 0.3800 10.0046 -0.2866 9.8370 0.0000 0.9998
Car -1 -1 -0.7354 1208.3881 93.8850 1223.0000 154.3230 1.5118 0.5174 1.4856 16.4320 -0.6806 18.1637 0.0000 0.8618
Car -1 -1 -0.7065 1131.1869 66.6283 1223.0000 163.8390 1.4220 2.4102 0.8974 10.2038 -0.3086 11.9564 0.0000 0.8211
Car -1 -1 -0.2825 794.9168 189.4366 820.3096 224.8536 1.1432 0.3871 0.7186 -6.7104 -0.2926 -23.1184 0.0000 0.9961
Car -1 -1 0.9046 0.0000 208.3876 0.0000 280.1890 1.1580 0.5949 0.4645 15.1854 -0.4805 -11.9366 0.0000 0.9948
Car -1 -1 0.9284 0.0000 105.2629 0.0000 166.6157 1.3383 1.6070 1.2861 -22.1664 -0.3400 16.5857 0.0000 0.7914
Car -1 -1 -0.8100 1223.0000 99.2259 1223.0000 144.8367 1.2253 0.7528 0.1593 20.9624 -1.0242 19.9551 0.0000 0.9999
Car -1 -1 0.1051 528.0588 122.4162 536.6706 158.0830 0.7333 0.3550 0.1459 -1.5746 -0.4776 14.9331 0.0000 0.9997
Car -1 -1 1.3601 0.0000 0.0000 0.0000 169.5823 0.8047 1.1277 0.8010 -16.0538 -0.0601 3.4331 0.0000 0.6584
Car -1 -1 -1.0473 1223.0000 194.3123 1223.0000 303.0717 0.7377 0.5203 0.6634 -8.8835 -0.1033 -5.1271 0.0000 0.9834
Car -1 -1 -1.4079 1223.0000 0.0000 1223.0000 59.1673 0.7388 0.3615 0.1813 14.7624 -0.4465 2.4264 0.0000 0.9997
Car -1 -1 0.8458 0.0000 133.9022 0.0000 186.6260 1.4275 1.2191 1.1542 -22.2914 0.1674 19.7483 0.0000 0.7507
Car -1 -1 -0.8073 1223.0000 90.4077 1223.0000 183.3270 0.9604 0.9405 0.5355 8.1219 0.0309 7.7734 0.0000 0.9989
Car -1 -1 -0.2164 729.7115 96.4858 802.7778 200.2730 1.1853 0.8348 0.6861 1.8657 0.2275 8.4871 0.0000 0.9998
Car -1 -1 -0.4649 943.9579 161.6416 970.4300 214.4942 1.7953 0.5647 0.6278 -12.1905 0.6426 -24.3039 0.0000 0.9998
Car -1 -1 0.7474 0.0000 146.1804 23.0425 214.2748 1.3308 1.5918 1.6320 -13.5400 0.6617 14.6090 0.0000 0.8214
Car -1 -1 0.1166 487.5735 141.0854 558.8456 205.2337 1.1212 1.0069 1.1813 -1.5062 0.4339 12.8564 0.0000 0.8375
Car -1 -1 0.9434 0.0000 47.1364 0.0000 276.2195 1.3313 0.5378 0.4588 -6.0301 0.5580 4.3729 0.0000 0.9999
Car -1 -1 0.8763 0.0000 168.8431 0.0000 203.7174 0.9031 0.7815 1.1565 -22.4443 0.6028 18.6956 0.0000 0.6949
Car -1 -1 -0.0955 642.8222 121.1947 711.2773 194.5666 1.2579 1.4372 1.0949 1.2299 0.2428 12.8358 0.0000 0.8190
Car -1 -1 0.9696 0.0000 146.3303 0.0000 244.8445 1.0708 0.9337 0.9744 -11.8789 0.7011 8.1472 0.0000 0.9435
Car -1 -1 -0.7880 1223.0000 139.3389 1223.0000 169.3614 1.0215 0.7610 0.7127 -24.8538 1.4190 -24.7258 0.0000 0.9988
Car -1 -1 -0.6041 1070.7531 142.9476 1109.6885 195.3388 1.2894 0.7061 0.4922 -12.2578 0.9261 -17.7591 0.0000 0.9994
Car -1 -1 -0.3381 844.2378 173.5209 865.7809 192.0181 0.4630 0.0934 0.5076 6.2368 0.2899 17.7410 0.0000 0.9986
Car -1 -1 -0.2480 767.5110 165.9402 803.5057 192.5497 0.6642 0.0884 0.8780 4.4781 0.3023 17.6868 0.0000 0.4440
Car -1 -1 0.6461 56.2038 185.5551 89.8353 219.8970 0.9812 0.3889 0.6807 -15.4177 1.1304 20.4477 0.0000 0.9996
Car -1 -1 0.8564 0.0000 166.8639 0.0000 228.0191 1.1164 1.5770 0.9762 -15.7855 0.8691 13.6904 0.0000 0.9821
Car -1 -1 0.7893 0.0000 201.3451 0.0000 226.6588 0.5048 1.0434 0.6263 -15.5981 0.9782 15.4757 0.0000 0.5852
Car -1 -1 -0.9031 1223.0000 104.5737 1223.0000 159.8614 0.8368 0.3244 0.4457 -13.9373 1.1640 -10.9895 0.0000 0.9994
Car -1 -1 1.5345 0.0000 369.0000 0.0000 369.0000 0.5991 0.7288 0.6236 -17.4383 1.2632 0.6338 0.0000 0.7710
Car -1 -1 1.4849 0.0000 369.0000 0.0000 369.0000 0.5026 0.7892 0.6538 -15.1093 1.4005 1.3014 0.0000 0.4736
Car -1 -1 -0.1648 666.9584 82.3395 764.5122 174.0797 0.6254 0.4936 0.6259 -0.8491 0.6758 -5.1066 0.0000 0.9793
Car -1 -1 1.4229 0.0000 0.0000 0.0000 149.4263 0.8084 1.1612 1.0995 -10.3417 -0.0917 1.5406 0.0000 0.4168
Car -1 -1 0.1506 430.1419 89.4828 540.5848 180.9794 0.5996 0.4403 0.6843 0.7374 0.5983 -4.8589 0.0000 0.8278
Car -1 -1 1.1709 0.0000 369.0000 0.0000 369.0000 0.0585 0.7135 0.4611 -10.9479 1.4611 4.6277 0.0000 0.5307
Car -1 -1 1.4267 0.0000 369.0000 0.0000 369.0000 0.0505 1.3765 0.4885 -11.9826 1.5252 1.7387 0.0000 0.5537
Car -1 -1 0.2669 360.7404 85.3207 433.6792 172.9157 0.4394 0.4169 0.2691 1.0380 0.4841 -3.7959 0.0000 0.9962
Car -1 -1 -1.0734 1223.0000 316.3566 1223.0000 369.0000 1.2907 2.0177 0.3440 6.9935 2.2168 3.7971 0.0000 0.9384
