Car -1 -1 0.4241 230.0309 193.4156 328.0681 252.4524 1.0138 1.2767 1.2238 5.8984 -0.2483 -13.0638 0.0000 0.3855
Car -1 -1 -0.7908 1223.0000 61.8711 1223.0000 160.4543 1.3078 0.7106 0.3305 9.9817 -0.2885 9.8745 0.0000 0.9997
Car -1 -1 -0.7348 1206.1187 87.7950 1223.0000 160.3461 1.8220 0.5346 1.5497 16.4151 -0.5240 18.1670 0.0000 0.9781
Car -1 -1 -0.7059 1127.3452 59.2630 1223.0000 169.9418 1.6460 2.4447 0.9916 10.1990 -0.1954 11.9656 0.0000 0.9258
Car -1 -1 -0.5462 990.9539 181.7071 1074.8916 243.1688 1.2970 1.2306 1.1008 -9.4611 -0.0257 -15.5645 0.0000 0.9926
Car -1 -1 -0.2835 795.6554 171.8187 821.0897 242.6352 2.2939 0.4624 0.6986 -6.7406 0.2832 -23.1392 0.0000 0.9998
Car -1 -1 0.9043 0.0000 198.1117 0.0000 291.5319 1.5159 0.6475 0.4440 15.1591 -0.3031 -11.9240 0.0000 0.9995
Car -1 -1 0.8586 0.0000 104.0636 0.0000 173.8832 1.7866 2.0906 1.3035 -22.3900 -0.1892 19.3307 0.0000 0.9122
Car -1 -1 1.4204 0.0000 0.0000 0.0000 178.1903 0.7496 1.0435 0.9288 -10.2332 -0.0050 1.5503 0.0000 0.7481
Car -1 -1 -1.4273 1223.0000 0.0000 1223.0000 11.1074 0.4133 0.7964 0.2908 13.0041 -0.5451 1.8794 0.0000 0.5817
Car -1 -1 0.9475 0.0000 94.0373 0.0000 170.2847 1.5198 2.8916 1.2425 -22.1475 -0.2494 15.9218 0.0000 0.4650
Car -1 -1 -0.8120 1223.0000 99.2808 1223.0000 144.7961 1.2240 0.7218 0.2755 21.0246 -1.0236 19.9358 0.0000 0.9999
Car -1 -1 0.0273 584.1945 103.5761 591.1091 174.2337 1.4520 0.3469 0.1360 -0.4020 -0.1305 14.7287 0.0000 0.9999
Car -1 -1 0.0960 527.9447 122.3831 549.7361 157.7258 0.7331 0.1324 0.4444 -1.4266 -0.4778 14.8117 0.0000 0.9678
Car -1 -1 -1.0440 1223.0000 198.1292 1223.0000 298.3840 0.6726 0.6401 0.6793 -8.9085 -0.1352 -5.1812 0.0000 0.4805
Car -1 -1 0.1314 500.6021 194.2327 518.0220 211.9167 0.8364 0.7002 0.7520 4.5371 -0.6716 -34.3383 0.0000 0.9531
Car -1 -1 -0.2616 784.3648 166.1625 799.6396 210.2888 1.8273 0.3666 0.5391 -7.8891 0.5958 -29.4675 0.0000 0.9998
Car -1 -1 0.1397 495.5083 188.3514 511.2602 200.4247 0.5826 0.4039 0.7129 4.8624 -0.3842 -34.5872 0.0000 0.6936
Car -1 -1 -1.2378 1223.0000 0.0000 1223.0000 164.1752 0.7039 1.2069 1.1645 9.1293 -0.0852 3.1578 0.0000 0.6149
Car -1 -1 0.8107 0.0000 153.4115 0.0000 179.2774 0.7533 0.7955 0.7949 -22.1131 -0.0355 21.0212 0.0000 0.5538
Car -1 -1 -0.4661 945.7811 163.6459 970.6663 220.4774 1.9282 0.5697 0.5690 -12.2139 0.5738 -24.2794 0.0000 0.9998
Car -1 -1 -0.8064 1223.0000 73.3355 1223.0000 186.4742 1.1842 0.9474 0.7481 8.2072 0.0642 7.8690 0.0000 0.9913
Car -1 -1 -0.2736 784.4888 99.1541 832.9443 200.6657 1.0855 0.5950 0.3663 2.2037 0.2173 7.8531 0.0000 0.9999
Car -1 -1 0.7419 0.0000 158.8042 26.4304 201.2330 0.8396 1.4006 1.6508 -13.4607 0.4119 14.6864 0.0000 0.4514
Car -1 -1 -0.6455 1117.6051 169.4983 1151.7686 195.6940 0.7070 0.4995 0.5593 -14.5626 0.2989 -19.3376 0.0000 0.4975
Car -1 -1 -0.0951 644.3541 105.1800 709.0439 181.6552 1.3142 1.5238 1.0249 1.2309 0.0215 12.9076 0.0000 0.8224
Car -1 -1 0.1162 488.1268 148.1720 559.1601 197.9459 0.8702 0.9411 1.1821 -1.4967 0.3067 12.8273 0.0000 0.4225
Car -1 -1 0.8712 0.0000 172.6286 0.0000 199.5680 0.7014 0.5470 0.6330 -22.1909 0.4980 18.6769 0.0000 0.5125
Car -1 -1 -1.3544 1223.0000 0.0000 1223.0000 236.1879 0.8801 0.9225 1.2815 12.3027 0.1788 2.7042 0.0000 0.5622
Car -1 -1 -0.7856 1223.0000 142.3665 1223.0000 166.7647 0.8358 0.5899 0.6689 -24.8618 1.3262 -24.8523 0.0000 0.9711
Car -1 -1 -0.3382 844.1107 167.6197 866.1618 190.0419 0.5615 0.1007 0.5181 6.2440 0.2406 17.7527 0.0000 0.9993
Car -1 -1 0.8207 0.0000 167.9050 0.0000 207.2169 0.7327 0.4165 0.8077 -14.3618 0.4996 13.3812 0.0000 0.7566
Car -1 -1 -0.6047 1072.3820 145.1708 1109.0728 193.1520 1.1804 0.6862 0.4482 -12.2602 0.8711 -17.7430 0.0000 0.9996
Car -1 -1 -1.2139 1223.0000 8.7545 1223.0000 189.0309 0.7110 0.7104 0.8087 8.4178 0.0354 3.1387 0.0000 0.9923
Car -1 -1 -0.8806 1138.8736 102.0564 1223.0000 296.4657 0.7881 2.5363 1.9519 5.0018 0.4718 4.1294 0.0000 0.6081
Car -1 -1 -1.0854 1223.0000 369.0000 1223.0000 369.0000 1.0132 1.9287 0.2269 7.0147 2.3470 3.7006 0.0000 0.8367
