Car -1 -1 0.8801 0.0000 123.7260 0.0000 153.2658 0.6508 1.1053 0.8374 -20.7860 -0.4811 17.1797 0.0000 0.4186
Car -1 -1 0.9509 0.0000 109.0641 0.0000 156.2006 0.8142 2.9297 1.6511 -20.9614 -0.3788 14.9597 0.0000 0.4831
Car -1 -1 -1.2412 1241.0000 0.0000 1241.0000 248.7319 1.9166 0.6088 0.5851 8.8966 0.2886 3.0429 0.0000 0.9999
Car -1 -1 -0.4018 893.7246 79.5402 946.1599 188.4795 2.0142 0.6946 0.6959 5.8156 0.2893 13.6850 0.0000 0.9995
Car -1 -1 -0.2160 756.0141 107.8665 783.7913 180.4679 2.2993 0.6011 0.7577 5.0794 0.2415 23.1494 0.0000 0.9996
Car -1 -1 -0.1694 724.3218 134.7500 744.8633 158.0352 0.8719 0.3495 0.7199 4.6885 -0.5663 27.4131 0.0000 0.9481
Car -1 -1 1.4445 0.0000 0.0000 0.0000 60.9972 0.6046 0.8343 0.4299 -31.9798 -0.6940 4.0592 0.0000 0.9064
Car -1 -1 -0.6975 1201.1116 72.1484 1233.3815 182.9735 2.2761 0.4290 0.3111 12.5968 0.2082 15.0308 0.0000 0.9998
Car -1 -1 1.0047 0.0000 95.8087 0.0000 164.8544 1.2767 1.4205 1.0177 -22.3679 -0.1651 14.2136 0.0000 0.8619
Car -1 -1 -1.0798 1241.0000 0.0000 1241.0000 189.0601 2.4500 0.2622 0.2408 16.9840 0.2014 9.0802 0.0000 0.9998
Car -1 -1 0.2909 383.4471 117.7387 407.1853 178.2483 1.9460 0.4006 0.6511 -7.0060 0.1738 23.4019 0.0000 0.9999
Car -1 -1 1.5120 0.0000 0.0000 0.0000 112.6274 0.8699 1.0269 0.8797 -28.2118 -0.1813 1.6605 0.0000 0.3673
Car -1 -1 -1.2550 1241.0000 181.2226 1241.0000 296.8693 1.2940 2.0261 1.4130 -28.2658 -0.1185 -9.2361 0.0000 0.9446
Car -1 -1 -1.0416 1241.0000 191.8176 1241.0000 240.0965 0.8587 1.3924 0.8380 -24.0757 -0.3879 -14.0790 0.0000 0.8512
Car -1 -1 -0.4344 928.4228 183.2534 957.9814 226.0506 2.0064 0.5229 1.1598 -15.8755 -0.4965 -34.2173 0.0000 0.9991
Car -1 -1 0.5781 106.1845 191.3344 165.2470 240.2671 1.2659 1.0568 0.9099 12.7861 -0.5150 -19.5966 0.0000 0.8821
Car -1 -1 0.6298 14.2747 174.7842 140.8362 265.0838 2.2441 2.2906 1.6658 13.9413 -0.0539 -19.1282 0.0000 0.3618
Car -1 -1 -1.1837 1241.0000 24.6993 1241.0000 142.7797 1.0837 1.9480 1.5304 19.8444 -0.3775 8.0894 0.0000 0.3944
Car -1 -1 1.4832 0.0000 0.0000 0.0000 153.7650 1.0628 0.7491 0.6945 -28.4365 -0.0757 2.4978 0.0000 0.7482
Car -1 -1 -1.1547 1241.0000 172.9457 1241.0000 284.8620 1.6026 2.9731 2.0735 -26.7544 -0.0013 -11.8239 0.0000 0.4588
Car -1 -1 -1.1985 1241.0000 209.2137 1241.0000 310.1620 0.9084 0.4127 0.9875 -17.5446 -0.3551 -6.8504 0.0000 0.5255
Car -1 -1 -1.0845 1241.0000 181.9206 1241.0000 230.2817 0.8273 1.1299 0.9756 -24.8273 -0.1716 -13.1232 0.0000 0.8790
Car -1 -1 0.4430 244.8024 176.4612 284.5349 229.8482 1.3867 0.4844 0.8156 9.0229 -0.0959 -19.0186 0.0000 0.9950
Car -1 -1 -1.0615 1241.0000 83.3541 1241.0000 150.6658 1.1880 0.4675 0.7529 23.4945 -0.4103 13.1192 0.0000 0.9996
Car -1 -1 1.2923 0.0000 113.4535 0.0000 176.3924 0.8074 0.5966 0.7663 -33.4104 0.0458 9.5521 0.0000 0.8592
Car -1 -1 1.4142 0.0000 55.6929 0.0000 172.8911 0.7725 0.8853 0.6042 -32.8972 0.0006 5.1956 0.0000 0.9703
Car -1 -1 0.9242 0.0000 154.9375 0.0000 177.2492 0.5044 0.6691 0.6882 -22.0474 0.0997 16.6430 0.0000 0.7951
Car -1 -1 -0.9917 1241.0000 126.2197 1241.0000 374.0000 1.5985 0.2016 0.2343 -6.6840 0.2761 -4.3702 0.0000 0.9999
Car -1 -1 -1.2833 1241.0000 149.0518 1241.0000 228.8455 0.8158 1.0868 1.0406 -26.7936 0.2437 -7.9229 0.0000 0.8383
Car -1 -1 -1.0495 1241.0000 159.1327 1241.0000 214.0000 1.0253 1.7499 1.6400 -25.0073 0.2568 -14.3604 0.0000 0.3826
Car -1 -1 0.5541 142.5962 189.9982 180.0938 211.3085 0.8444 0.9159 0.9790 18.4314 -0.7183 -29.7892 0.0000 0.8444
Car -1 -1 -0.9623 1241.0000 162.4188 1241.0000 212.1225 1.0481 2.7537 0.7467 -23.8212 0.2204 -16.5942 0.0000 0.4941
Car -1 -1 -0.8509 1241.0000 164.9606 1241.0000 193.0024 0.8713 1.3218 1.0322 -26.3225 0.2456 -23.0822 0.0000 0.9404
Car -1 -1 -1.2900 1241.0000 38.3819 1241.0000 272.3292 1.6022 1.8736 1.1803 20.3694 0.6816 5.8754 0.0000 0.6868
Car -1 -1 -1.2220 1241.0000 143.0847 1241.0000 223.9578 1.0555 0.8370 0.9451 27.0394 0.6673 9.8324 0.0000 0.9957
Car -1 -1 0.7174 0.0000 155.6882 28.5868 240.5204 0.8601 0.3175 0.6250 -6.5181 0.6864 7.4712 0.0000 0.9908
Car -1 -1 -0.2760 804.8754 155.1234 819.7611 168.8868 0.5047 0.1346 0.5102 -7.5237 0.6515 -26.5661 0.0000 0.9472
Car -1 -1 -1.2773 1241.0000 107.4294 1241.0000 275.1702 1.3596 1.3451 0.9846 21.5685 0.8297 6.5182 0.0000 0.9518
Car -1 -1 -0.1862 742.2979 154.7053 755.2534 213.9254 1.0937 0.7405 0.1030 2.5793 0.7589 13.6929 0.0000 0.9994
Car -1 -1 0.5556 146.0383 154.5416 173.9133 175.4408 0.8407 0.4443 0.8530 18.1587 0.7370 -29.2486 0.0000 0.6771
Car -1 -1 0.6097 88.5998 149.8225 118.2877 170.9631 0.6886 0.7647 0.4492 16.7348 0.7528 -23.9570 0.0000 0.7829
Car -1 -1 -0.7679 1241.0000 190.4239 1241.0000 220.5961 0.6401 0.4482 0.3336 15.2473 1.0304 15.7890 0.0000 0.9924
Car -1 -1 -0.8608 1241.0000 146.8991 1241.0000 337.3829 1.6380 0.3889 0.3475 -7.4475 0.2235 -6.4019 0.0000 0.9999
Car -1 -1 -0.6386 1120.6482 111.4266 1160.8336 161.8080 0.6152 0.1601 0.3792 -6.6284 0.7534 -8.9282 0.0000 0.9989
Car -1 -1 0.5042 188.8456 110.5171 224.8041 157.7358 0.6541 0.2946 0.3457 5.6501 0.8720 -10.2393 0.0000 0.9995
Car -1 -1 0.6323 51.2122 88.1177 104.8092 107.0107 0.4148 1.5741 0.4830 16.2022 2.5050 -22.1170 0.0000 0.4227
Car -1 -1 0.7543 0.0000 55.5197 0.0000 83.9109 0.3578 2.0126 1.3023 15.4189 2.5045 -16.4080 0.0000 0.6257
Car -1 -1 0.8979 0.0000 1.8917 0.0000 50.6538 0.3696 2.0320 1.5175 14.5318 2.5029 -11.5805 0.0000 0.5885
Car -1 -1 1.0394 0.0000 0.0000 0.0000 0.9343 0.2695 2.8985 1.4784 13.3708 2.4872 -7.8593 0.0000 0.5423
Car -1 -1 1.1849 0.0000 0.0000 0.0000 0.0000 0.0973 1.5660 0.7241 13.6900 2.3932 -5.5619 0.0000 0.5340
Car -1 -1 0.7797 0.0000 141.3982 0.0000 374.0000 1.8896 0.5641 0.4953 5.9211 0.2490 -5.9893 0.0000 0.9999
