Car -1 -1 0.2630 399.7356 132.5570 417.7727 160.8763 0.8583 0.7565 0.3682 -6.1112 -0.6615 22.6986 0.0000 0.9909
Car -1 -1 -0.6549 1119.4796 191.3200 1184.2086 238.9188 1.2698 2.2514 0.1417 -15.9411 -0.2972 -20.7560 0.0000 0.9591
Car -1 -1 -0.2912 782.0468 167.3818 847.7458 260.6866 2.4411 1.6164 1.3101 -5.8762 0.3712 -19.6043 0.0000 0.9997
Car -1 -1 -0.2496 758.9506 173.0122 805.8653 252.0595 2.3787 1.4594 1.0896 -5.6981 0.2573 -22.3483 0.0000 0.9986
Car -1 -1 -0.2192 739.2661 175.2658 779.4135 247.4083 2.4536 1.5941 1.0572 -5.6198 0.2139 -25.2303 0.0000 0.9999
Car -1 -1 -0.1829 711.2910 178.7465 753.1325 241.9510 2.4623 1.1673 1.4498 -5.2854 0.1092 -28.5711 0.0000 0.9881
Car -1 -1 0.2457 403.5721 152.9280 427.3497 301.1050 1.9540 0.4687 0.2006 2.4353 0.3784 -9.7097 0.0000 0.9999
Car -1 -1 -0.7335 1193.9826 36.5565 1237.0000 183.6044 1.5674 0.6003 0.8109 7.1688 0.0238 7.9542 0.0000 0.9993
Car -1 -1 -0.3500 804.6778 87.4245 935.1518 179.4725 1.8681 2.2563 2.0153 5.7497 -0.0465 15.7537 0.0000 0.7010
Car -1 -1 -0.3695 788.0864 10.1371 1007.2537 212.5476 1.6501 1.5338 1.3860 2.5641 0.2545 6.6204 0.0000 0.9990
Car -1 -1 -0.1869 717.3610 124.5119 758.7291 166.8216 1.7153 1.2186 1.5031 5.7014 -0.6277 30.1525 0.0000 0.9254
Car -1 -1 -0.5597 1001.4809 158.3198 1098.4764 280.5036 2.0567 1.4642 0.8151 -8.0363 0.3919 -12.8262 0.0000 0.9976
Car -1 -1 -0.3145 826.1393 205.3884 837.5706 221.2043 0.3729 0.7555 0.0502 -6.0036 -0.6245 -18.4581 0.0000 0.8517
Car -1 -1 -0.6199 1100.9614 191.2137 1121.7516 234.5441 1.3135 0.7051 0.1434 -15.9064 -0.3042 -22.2875 0.0000 0.9999
Car -1 -1 0.2305 418.5761 199.9164 439.4711 234.9095 0.8462 1.9589 0.0964 4.5494 -0.5201 -19.3830 0.0000 0.8671
Car -1 -1 0.2653 397.3056 199.9575 408.9369 231.7721 0.9306 0.4642 0.2209 5.8462 -0.5569 -21.5157 0.0000 0.9997
Car -1 -1 0.2932 371.4540 196.7184 391.1169 235.6128 1.1844 1.8324 0.0846 7.0979 -0.5155 -23.5102 0.0000 0.9893
Car -1 -1 0.2090 439.9180 201.3779 451.7058 229.4896 0.7818 1.2610 0.0814 4.5615 -0.6105 -21.5020 0.0000 0.9479
Car -1 -1 0.4721 217.4764 113.9973 254.6100 180.1232 1.3841 0.6517 0.4643 -7.8499 -0.0289 15.3728 0.0000 0.9994
Car -1 -1 0.0141 581.4703 141.7761 603.6668 190.3669 1.1893 0.5612 0.5433 -0.2512 0.2182 17.8595 0.0000 0.9999
Car -1 -1 -0.2882 797.8956 125.6124 835.4337 194.5568 1.2874 0.3495 0.6048 4.0267 0.2451 13.5852 0.0000 0.9994
Car -1 -1 -0.2339 754.3653 150.2198 793.3047 183.1325 1.0925 1.3174 1.0102 5.8388 0.0553 24.5005 0.0000 0.4409
Car -1 -1 -0.1525 700.9939 138.9354 724.9111 183.8392 1.3302 0.6165 0.6221 3.3178 0.0704 21.5844 0.0000 0.9995
Car -1 -1 -0.1117 667.5310 145.8678 697.2497 176.5790 1.3775 0.6593 1.2757 3.6611 -0.2250 32.6524 0.0000 0.9630
Car -1 -1 -0.0026 598.0503 157.2867 609.4856 183.0982 1.0307 0.3843 0.4566 0.0752 0.0648 28.8747 0.0000 0.9995
Car -1 -1 0.0545 551.1806 151.2758 574.8669 186.3328 1.0957 0.3756 0.7270 -1.2343 0.1522 22.6368 0.0000 0.9999
Car -1 -1 0.1152 496.1825 152.5073 541.9054 189.9678 1.0094 0.6771 1.1769 -2.2792 0.2293 19.6919 0.0000 0.9496
Car -1 -1 -0.1570 693.9284 149.2821 730.8467 230.7075 1.7072 1.6552 0.5585 -2.5157 0.6772 -15.8907 0.0000 0.9956
Car -1 -1 -0.4109 859.5910 157.8812 964.8977 258.0991 1.9401 0.9781 1.6857 -6.2735 0.4590 -14.3981 0.0000 0.9409
Car -1 -1 0.2123 408.1614 133.7837 486.0866 211.5810 1.0896 1.3418 0.8779 -2.3132 0.4226 10.7295 0.0000 0.9897
Car -1 -1 -0.5608 999.5898 140.0373 1103.1388 212.8225 1.3481 1.5131 1.0771 -8.8332 0.7697 -14.0642 0.0000 0.9857
Car -1 -1 0.8279 0.0000 112.8607 0.0000 150.3403 0.4941 0.7814 0.1475 -11.4409 -0.4715 10.5072 0.0000 0.4091
Car -1 -1 -0.0787 645.6046 153.1542 672.3247 184.1414 1.0965 1.1706 0.8718 2.0498 0.0945 26.0012 0.0000 0.9339
Car -1 -1 -0.0375 622.9054 162.3209 634.8414 184.5502 0.8878 0.4864 0.4614 1.0854 0.1228 28.9282 0.0000 0.9998
Car -1 -1 -0.0177 608.0986 164.6684 621.1569 182.8388 0.7466 0.5292 0.5308 0.5281 0.0560 29.7758 0.0000 0.9317
Car -1 -1 -0.5855 1059.7298 162.8831 1088.3410 210.2889 0.9312 0.4237 0.2911 -9.4990 0.3674 -14.3246 0.0000 0.9998
Car -1 -1 0.4525 223.2888 138.5626 288.1308 228.4861 0.8925 0.6148 0.3763 -3.6142 0.4677 7.4339 0.0000 0.9996
Car -1 -1 -1.2095 1237.0000 95.4027 1237.0000 186.4849 0.5209 0.1340 0.6066 -11.0546 0.4940 -4.1779 0.0000 0.5541
Car -1 -1 -0.6262 1069.1681 133.5623 1165.9768 195.4216 0.8575 0.6892 0.8921 -7.4538 0.6662 -10.3046 0.0000 0.8339
Car -1 -1 1.1728 0.0000 211.9414 0.0000 234.1011 0.0465 0.4549 0.0884 5.6136 -0.1080 -2.3604 0.0000 0.5065
Car -1 -1 0.9709 0.0000 20.0636 0.0000 206.3614 1.5935 0.5527 1.2614 -9.3827 0.2140 6.4180 0.0000 0.9973
Car -1 -1 -0.2651 788.8194 175.0438 806.6279 198.5804 0.6194 0.3598 0.3743 5.1805 0.4507 19.0810 0.0000 0.9965
Car -1 -1 -0.1596 698.1889 144.1636 741.4018 198.0064 1.1097 1.4934 0.6873 2.5028 0.3414 15.5488 0.0000 0.9937
Car -1 -1 0.1630 471.3931 183.1470 498.5655 209.4195 0.5386 0.3941 0.5021 -2.4577 0.5746 14.9459 0.0000 0.9629
Car -1 -1 -0.4561 914.5028 118.1293 982.9003 207.5692 1.0275 0.4241 0.6003 -4.1538 0.7296 -8.4666 0.0000 0.9996
Car -1 -1 -0.2429 759.6966 136.0684 792.4372 176.7513 0.9143 0.4982 0.6280 -4.0775 1.0265 -16.4541 0.0000 0.9998
Car -1 -1 0.1598 475.9283 154.5944 490.4503 172.5798 0.7831 0.5394 0.5552 5.1283 1.1836 -31.8176 0.0000 0.9981
Car -1 -1 0.2771 388.0275 147.2097 399.7183 196.4597 1.3888 0.4489 0.2043 5.8263 0.9688 -20.4827 0.0000 0.9998
Car -1 -1 -0.7327 1190.3912 150.5243 1237.0000 213.2588 0.9907 0.9973 1.1533 10.6531 0.5028 11.8397 0.0000 0.8215
Car -1 -1 0.1296 490.1114 139.6591 519.1742 166.6087 0.8159 0.7041 0.8160 2.9306 1.2913 -22.4913 0.0000 0.6465
Car -1 -1 0.2131 439.0167 150.4231 448.1563 167.6044 0.7528 0.1923 0.3617 6.8650 1.3704 -31.7290 0.0000 0.9998
Car -1 -1 -0.7574 1237.0000 176.0247 1237.0000 230.4573 0.7147 0.7580 0.4204 9.2747 0.6442 9.8086 0.0000 0.9990
Car -1 -1 -0.7046 1179.8427 113.0356 1233.8169 181.4523 0.7981 0.3233 0.3689 -7.2651 0.8004 -8.5446 0.0000 0.9994
Car -1 -1 -0.2252 716.6722 118.8728 815.4518 172.0625 0.8664 2.3000 1.2928 -3.0387 1.0574 -13.2617 0.0000 0.6237
Car -1 -1 0.4984 139.4185 117.9027 286.6528 278.0292 0.9822 0.7351 0.5821 -2.5963 0.5935 4.7711 0.0000 0.9994
Car -1 -1 0.0732 507.4915 110.5795 574.9763 200.7534 1.0860 0.9685 0.7785 0.6698 0.8558 -9.1384 0.0000 0.9966
Car -1 -1 1.1504 0.0000 0.0000 0.0000 218.9711 1.6286 1.9586 0.4818 -11.2983 0.2139 5.0503 0.0000 0.8430
Car -1 -1 -0.5002 953.1990 112.4313 1028.0782 159.0536 0.6901 0.8000 0.7556 -6.2420 1.0611 -11.4208 0.0000 0.3784
Car -1 -1 -0.7063 1191.5495 206.0212 1237.0000 235.5677 0.4049 0.4397 0.3836 8.8950 0.7697 10.4256 0.0000 0.9582
Car -1 -1 -0.4286 904.2759 115.0385 947.7279 153.3953 0.6196 0.8567 0.3775 -5.7852 1.1334 -12.6622 0.0000 0.8139
Car -1 -1 -0.2594 766.0153 94.5012 809.9950 117.2773 0.2666 0.7949 0.4688 -2.9330 1.2915 -11.0501 0.0000 0.4586
Car -1 -1 -0.1418 697.1362 373.0000 714.5913 373.0000 0.4414 0.2628 0.3215 2.1145 6.6836 14.8161 0.0000 0.9720
