Car -1 -1 0.1436 456.9725 186.3785 539.0277 266.9500 1.2137 2.2405 1.0598 1.7883 -0.2524 -12.3678 0.0000 0.8865
Car -1 -1 -0.6257 1102.3755 211.1625 1155.7967 224.1428 0.2404 0.8657 0.5874 -11.8185 -0.8909 -16.3559 0.0000 0.6499
Car -1 -1 0.0035 594.8406 201.8382 614.4152 229.1615 0.6707 0.8374 0.5046 0.0673 -0.7805 -19.0222 0.0000 0.8498
Car -1 -1 -1.5053 1241.0000 184.8291 1241.0000 374.0000 1.7757 1.5039 1.8269 -26.6922 -0.0411 -1.7515 0.0000 0.9920
Car -1 -1 -1.2846 1241.0000 222.4624 1241.0000 345.9766 0.7628 0.8012 0.6164 -17.6047 -0.3832 -5.1810 0.0000 0.4175
Car -1 -1 -0.6506 1124.6307 206.3300 1189.4183 221.3501 0.2555 1.0107 0.5827 -11.4412 -0.7204 -15.0328 0.0000 0.6637
Car -1 -1 -1.1150 1241.0000 184.5003 1241.0000 311.7520 1.3816 0.9184 1.5371 -17.0934 -0.1423 -8.3798 0.0000 0.4420
Car -1 -1 -0.9804 1241.0000 130.9014 1241.0000 357.7112 2.1324 1.4777 2.2455 -11.2296 0.3948 -7.5254 0.0000 0.7101
Car -1 -1 -1.4074 1241.0000 128.7641 1241.0000 374.0000 1.5161 1.7911 0.8381 -31.7449 0.2652 -5.2323 0.0000 0.9809
Car -1 -1 -0.5443 1016.5592 185.1020 1073.3397 195.7112 0.2230 1.2866 0.5844 -10.4689 -0.3041 -17.2947 0.0000 0.5731
Car -1 -1 0.1246 501.6044 158.6992 539.5891 199.8652 1.4387 0.8567 1.2444 -3.2105 0.9444 25.6424 0.0000 0.9906
Car -1 -1 -0.0558 629.7175 162.9137 667.8543 216.0098 2.1070 1.1851 1.4803 -1.6330 0.3948 -29.2282 0.0000 0.9966
Car -1 -1 -1.2017 1241.0000 137.0229 1241.0000 260.7730 1.0709 0.6927 0.6847 -17.0434 0.3104 -6.5929 0.0000 0.9918
Car -1 -1 -1.1482 1241.0000 169.9793 1241.0000 214.8668 0.5356 0.8030 0.6664 -20.0454 0.0347 -9.0133 0.0000 0.3813
Car -1 -1 -0.8360 1241.0000 152.0320 1241.0000 223.5598 1.1395 0.2103 0.8269 -12.8393 0.3321 -11.6024 0.0000 0.9920
Car -1 -1 -0.4753 958.6295 170.9182 999.8348 180.7654 0.2501 1.0151 0.5556 -9.6959 0.0495 -18.8389 0.0000 0.7187
Car -1 -1 -1.1904 1241.0000 53.8433 1241.0000 203.7255 1.6707 2.1075 1.5027 -22.7560 1.3269 -9.0991 0.0000 0.8033
Car -1 -1 -1.2759 1241.0000 113.1943 1241.0000 374.0000 2.1011 2.8521 1.9118 -16.1927 0.2889 -4.9190 0.0000 0.5901
Car -1 -1 -0.3850 885.2835 149.4894 915.2251 164.5787 0.4259 0.8003 0.5575 -8.5941 0.6740 -21.2063 0.0000 0.6099
Car -1 -1 -1.1958 1241.0000 84.9082 1241.0000 162.4224 0.7834 0.4908 0.4601 -19.3270 0.8972 -7.6064 0.0000 0.9115
Car -1 -1 -0.7237 1220.1790 116.1426 1241.0000 193.4737 1.1869 0.4314 0.3645 -9.9792 0.8708 -11.2929 0.0000 0.9998
Car -1 -1 -0.3761 874.7837 135.1573 911.5206 178.2996 1.2779 1.4294 0.5628 -8.7229 1.1170 -22.0903 0.0000 0.9902
Car -1 -1 -1.5237 1241.0000 0.0000 1241.0000 0.0000 0.6781 0.7314 0.7160 -27.7977 1.7259 -1.3097 0.0000 0.7174
Car -1 -1 -1.3694 1241.0000 0.0000 1241.0000 24.8313 1.2292 1.0150 0.4642 -33.3559 2.7303 -6.8103 0.0000 0.9991
Car -1 -1 -1.1028 1241.0000 38.2120 1241.0000 100.8131 1.0211 0.8196 0.9250 -25.9661 2.3726 -13.1254 0.0000 0.9475
Car -1 -1 -1.0175 1241.0000 59.5511 1241.0000 121.3782 1.0251 0.1432 1.2019 -19.6823 1.8977 -12.1572 0.0000 0.9636
Car -1 -1 -1.4473 1241.0000 0.0000 1241.0000 0.0000 0.9463 0.9094 0.6233 -35.9411 5.1740 -4.4600 0.0000 0.9969
Car -1 -1 -1.2608 1241.0000 0.0000 1241.0000 0.0000 0.9844 0.7911 0.4837 -17.6456 3.5179 -5.6523 0.0000 0.9994
Car -1 -1 -0.9851 1241.0000 179.0148 1241.0000 281.2472 1.6927 0.3043 2.0392 -18.2707 -0.1044 -12.1203 0.0000 0.7361
Car -1 -1 -0.9339 1241.0000 171.4405 1241.0000 287.6503 1.8972 0.3381 1.6799 -16.1578 0.0234 -11.9513 0.0000 0.9598
