Car -1 -1 -0.9257 1241.0000 91.0177 1241.0000 128.0622 0.4755 1.2351 0.6123 15.1111 -0.7440 11.3706 0.0000 0.4623
Car -1 -1 -0.6546 1073.5549 68.3395 1241.0000 177.8854 1.8445 1.9340 2.1364 10.0646 0.0851 13.1133 0.0000 0.8399
Car -1 -1 -0.7276 1200.2238 167.4146 1241.0000 271.3237 2.4550 1.1933 1.4465 -15.7153 0.1289 -17.6468 0.0000 0.9967
Car -1 -1 1.4228 0.0000 266.1301 0.0000 374.0000 1.5879 0.7246 1.2833 19.6383 -0.4247 -2.9282 0.0000 0.9540
Car -1 -1 1.4811 0.0000 374.0000 0.0000 374.0000 0.2890 0.7557 0.4039 24.0135 -1.2391 -2.1590 0.0000 0.3694
Car -1 -1 -0.9016 1241.0000 101.0693 1241.0000 126.6849 0.3874 0.6512 0.4439 15.6879 -0.8147 12.4090 0.0000 0.7331
Car -1 -1 -0.7476 1229.1858 96.5332 1241.0000 151.3230 1.0488 1.7139 0.7389 14.2205 -0.4830 15.3391 0.0000 0.3511
Car -1 -1 0.1899 459.1669 137.3657 486.9804 152.4497 0.3426 0.6632 0.5536 -3.3857 -0.5072 17.6133 0.0000 0.4323
Car -1 -1 0.3615 323.3259 142.5769 353.2300 165.6119 0.8230 0.4966 0.8984 -9.8990 -0.2649 26.1805 0.0000 0.8767
Car -1 -1 -0.0838 633.7578 169.0383 703.5370 250.3269 1.8543 1.0071 1.5579 -1.4246 0.0874 -16.9651 0.0000 0.9801
Car -1 -1 1.5060 0.0000 374.0000 0.0000 374.0000 0.8567 0.2330 0.4170 20.5785 -0.7758 -1.3361 0.0000 0.9996
Car -1 -1 0.7322 0.0000 143.5656 10.3929 173.5881 0.6132 0.9251 1.1870 -13.6602 0.0154 15.1981 0.0000 0.3598
Car -1 -1 -0.1817 692.4991 177.5861 791.8553 251.9213 2.3488 1.7474 2.9539 -4.3712 -0.1614 -23.7868 0.0000 0.7732
Car -1 -1 0.3212 348.9936 148.5612 393.1092 181.5585 0.9178 1.1025 0.8963 -6.8590 0.2425 20.6172 0.0000 0.5539
Car -1 -1 1.0910 0.0000 180.9764 0.0000 311.6340 1.4666 1.3816 1.2645 17.0632 -0.1073 -8.8788 0.0000 0.6037
Car -1 -1 0.7691 0.0000 186.8035 0.0000 217.5455 0.7627 0.8740 0.6838 18.1357 -0.3703 -18.7364 0.0000 0.5437
Car -1 -1 0.3247 357.3056 180.6244 379.8761 199.2314 0.5311 0.6008 0.4608 -7.1173 0.7624 21.1437 0.0000 0.9025
Car -1 -1 0.7700 0.0000 166.3763 0.0000 190.3585 0.5746 0.6273 0.4739 17.0698 0.1556 -17.6034 0.0000 0.7635
Car -1 -1 -0.7248 1229.9866 165.8783 1241.0000 195.3725 0.6062 0.5551 0.4133 13.3749 0.4632 15.1036 0.0000 0.4761
Car -1 -1 0.9944 0.0000 128.2564 0.0000 208.6217 0.7440 1.3950 0.5846 11.3530 0.4133 -7.3804 0.0000 0.6310
Car -1 -1 -0.7673 1241.0000 128.3657 1241.0000 179.0091 1.0316 1.4466 1.1954 -14.8760 0.9066 -15.4240 0.0000 0.8724
Car -1 -1 -0.2300 766.3428 149.8184 787.3134 167.3204 0.5746 0.4978 0.5849 -5.6422 0.7617 -24.0986 0.0000 0.8833
Car -1 -1 0.9838 0.0000 129.4472 0.0000 182.2457 0.5817 1.1675 0.9179 12.8298 0.4786 -8.5354 0.0000 0.4293
Car -1 -1 0.2882 372.1319 148.9719 413.1323 171.7228 0.5569 1.0657 0.7164 5.4108 0.5867 -18.2493 0.0000 0.5387
Car -1 -1 0.2570 395.9020 145.6658 438.0190 169.3208 0.5383 0.6027 0.8204 4.4184 0.6224 -16.8128 0.0000 0.9579
Car -1 -1 1.1369 0.0000 86.3758 0.0000 125.4630 0.2471 0.6386 0.5767 12.2102 0.6398 -5.6573 0.0000 0.4861
Car -1 -1 0.1836 461.6246 140.8182 483.6690 167.0986 0.5590 0.3033 0.4180 2.8916 0.6848 -15.5691 0.0000 0.9995
Car -1 -1 1.3408 0.0000 327.8223 0.0000 374.0000 0.2370 1.2241 0.6285 18.7939 -1.0756 -4.4004 0.0000 0.6899
Car -1 -1 1.3067 0.0000 97.3727 0.0000 374.0000 1.5848 1.6508 1.5684 8.3051 0.1486 -2.2455 0.0000 0.7563
