Car -1 -1 0.3343 325.7983 102.0327 393.0621 179.7883 1.5950 2.1541 0.7335 -5.5140 0.1426 15.8754 0.0000 0.9773
Car -1 -1 -0.8565 1241.0000 66.9213 1241.0000 151.9740 1.0929 1.8753 1.0416 12.3040 -0.3355 10.6671 0.0000 0.5552
Car -1 -1 1.3433 0.0000 0.0000 0.0000 171.1329 1.5337 0.5637 1.0760 -22.2791 -0.0126 5.1566 0.0000 0.9957
Car -1 -1 0.2356 426.4564 205.6526 443.5985 220.2671 0.6915 0.7116 0.6854 8.6666 -1.6565 -36.0964 0.0000 0.4741
Car -1 -1 -0.1572 718.4550 129.9929 732.1257 165.9122 1.6300 0.7430 0.5109 5.2710 -0.3232 33.2547 0.0000 0.9998
Car -1 -1 0.2756 396.6286 198.8309 411.2527 231.0393 1.2501 0.7353 0.3775 8.1906 -1.0557 -28.9676 0.0000 0.9999
Car -1 -1 0.2012 451.7068 130.3374 476.1128 175.9223 1.5477 1.0425 0.6358 -5.1014 0.1045 25.0166 0.0000 0.9998
Car -1 -1 0.2271 433.2560 121.1369 455.5150 173.0292 1.5791 1.3836 0.3820 -5.2340 0.0057 22.6463 0.0000 0.9998
Car -1 -1 -0.0964 668.6909 174.6070 686.7240 255.0159 2.3235 1.6835 0.3840 -2.1015 -0.0545 -21.7310 0.0000 0.9999
Car -1 -1 0.2302 428.7736 193.1188 449.5294 216.6097 1.1491 0.7552 0.8665 8.5134 -1.0304 -36.3265 0.0000 0.9958
Car -1 -1 -0.0743 654.7362 173.5693 668.5328 243.8728 2.2967 1.1088 0.3815 -1.7966 -0.0241 -24.1404 0.0000 0.9999
Car -1 -1 0.1730 476.2874 149.5408 493.2763 177.2302 1.1067 1.2514 0.4773 -5.1477 0.1753 29.4608 0.0000 0.9931
Car -1 -1 1.3650 0.0000 12.8355 0.0000 234.0809 1.5871 0.3839 1.3294 -25.7071 0.4396 5.3651 0.0000 0.9908
Car -1 -1 1.3963 0.0000 59.3312 0.0000 190.2413 1.0539 0.7600 0.8095 -35.0834 0.1403 6.1861 0.0000 0.9916
Car -1 -1 -0.1750 732.8540 147.4251 744.4003 174.4831 1.1150 0.5885 0.3752 5.3091 0.0675 30.0250 0.0000 0.9997
Car -1 -1 0.3192 363.2309 172.1176 374.8817 199.7783 0.8640 0.5773 0.1762 7.5464 0.0234 -22.8293 0.0000 0.9997
Car -1 -1 -0.1795 717.8872 157.8202 776.3305 206.8880 0.7164 2.3886 0.4947 2.1277 0.4973 11.7263 0.0000 0.4104
Car -1 -1 1.0419 0.0000 304.0555 0.0000 371.1272 0.2578 0.1984 0.3600 -5.5745 0.8692 3.2582 0.0000 0.7888
Car -1 -1 -1.2728 1241.0000 240.5806 1241.0000 374.0000 0.3908 2.0131 0.5102 -9.7848 -0.3760 -3.0053 0.0000 0.5306
Car -1 -1 -0.1804 720.2544 170.4429 758.1046 267.6816 2.0260 1.2306 0.5998 -2.8549 0.0506 -15.6516 0.0000 0.9999
Car -1 -1 -0.1349 682.6180 173.6275 729.9250 258.9287 2.2673 1.5672 1.0997 -2.7117 -0.0219 -19.9791 0.0000 0.9983
