Car -1 -1 0.3035 348.3665 67.4123 425.6289 196.8380 1.5425 0.6770 0.7482 -2.7986 0.2862 8.9349 0.0000 1.0000
Car -1 -1 0.3560 326.1830 41.6736 367.4144 208.8796 1.5442 0.5207 0.2060 -2.5740 0.3331 6.9214 0.0000 0.9999
Car -1 -1 -1.2262 1241.0000 0.0000 1241.0000 204.7778 1.8508 0.3226 0.7983 10.8501 0.1656 3.8939 0.0000 0.9993
Car -1 -1 -1.1084 1241.0000 0.0000 1241.0000 179.5214 1.9790 0.5675 0.4786 14.6446 0.0652 7.2999 0.0000 0.9996
Car -1 -1 -1.0555 1241.0000 0.0000 1241.0000 192.5325 1.8763 0.3426 0.3894 11.0969 0.1672 6.2844 0.0000 0.9998
Car -1 -1 -0.7729 1241.0000 105.0144 1241.0000 143.8606 0.7630 0.7862 0.4813 14.7749 -0.6243 15.1489 0.0000 0.9548
Car -1 -1 0.8513 0.0000 88.5692 0.0000 183.8888 1.7588 0.3637 0.8093 -15.3996 0.2040 13.4925 0.0000 0.9999
Car -1 -1 -1.3947 1241.0000 157.7110 1241.0000 374.0000 2.0091 0.8825 0.7971 -24.9729 0.0843 -4.4442 0.0000 0.9999
Car -1 -1 0.7515 0.0000 209.0330 0.0000 256.8496 1.0981 2.1321 1.5768 17.9900 -1.0182 -19.2512 0.0000 0.5186
Car -1 -1 0.8105 0.0000 220.8500 0.0000 252.2582 0.6109 1.6160 0.9958 18.2047 -1.2049 -17.3135 0.0000 0.5646
Car -1 -1 1.3264 0.0000 142.2961 0.0000 374.0000 1.8953 0.1316 0.5764 11.2407 0.1162 -2.8037 0.0000 0.9998
Car -1 -1 -0.4472 946.5248 132.9418 967.7157 152.6415 0.8172 0.5491 0.6392 14.7578 -0.8693 30.7672 0.0000 0.9613
Car -1 -1 -1.2978 1241.0000 175.0777 1241.0000 336.5353 2.0251 2.0262 0.6268 -36.0501 -0.0339 -10.0939 0.0000 0.9996
Car -1 -1 -1.5174 1241.0000 96.9098 1241.0000 374.0000 1.7466 0.3211 0.0927 -26.3310 0.1313 -1.4073 0.0000 0.9999
Car -1 -1 -0.1094 679.0496 175.5961 695.0541 250.2776 2.3925 0.6046 0.4550 -2.5739 -0.0899 -23.4420 0.0000 0.9999
Car -1 -1 -1.5316 1241.0000 0.0000 1241.0000 0.0000 0.9302 0.7150 0.5135 30.2734 -0.8114 1.1875 0.0000 0.9904
Car -1 -1 -1.4379 1241.0000 167.2285 1241.0000 341.6639 1.0791 0.7815 0.4575 -36.3188 0.0352 -4.8570 0.0000 0.9984
Car -1 -1 1.0121 0.0000 210.0474 0.0000 246.7441 0.6124 1.3066 0.9601 22.4307 -0.7560 -14.0218 0.0000 0.4448
Car -1 -1 0.9635 0.0000 103.8407 0.0000 208.4604 1.3021 0.8707 1.2281 -13.5451 0.4435 9.4130 0.0000 0.9462
Car -1 -1 -1.1767 1241.0000 171.4025 1241.0000 218.3430 0.9792 0.8859 0.1757 -37.2689 0.0306 -15.4972 0.0000 0.9997
Car -1 -1 0.9925 0.0000 150.2666 0.0000 197.9404 0.9508 0.5642 0.3367 -22.4765 0.5007 14.6699 0.0000 0.9993
Car -1 -1 1.0501 0.0000 74.3994 0.0000 199.9132 1.5279 0.1869 0.3272 -15.4732 0.3297 8.8740 0.0000 0.9999
Car -1 -1 1.4342 0.0000 0.0000 0.0000 284.8420 1.4209 0.6311 0.4031 -19.3812 0.3653 2.6643 0.0000 0.9998
Car -1 -1 -0.0021 603.7793 163.4469 621.3830 186.2419 0.9318 0.7083 0.7196 0.0637 0.5476 29.8470 0.0000 0.9167
Car -1 -1 0.8061 0.0000 181.8283 0.0000 207.7375 0.8948 0.5329 0.4817 26.4428 -0.3185 -25.3717 0.0000 0.9583
Car -1 -1 1.1113 0.0000 160.6418 0.0000 232.7747 1.5187 1.3371 0.9787 32.0603 0.2575 -15.8624 0.0000 0.9931
Car -1 -1 1.3807 0.0000 208.9431 0.0000 290.0805 0.6206 0.4938 0.6042 31.1146 -0.3114 -5.9882 0.0000 0.7771
Car -1 -1 -0.4783 971.3791 151.4599 999.6853 187.4946 1.2120 0.6014 0.6504 12.7362 0.4928 24.5657 0.0000 0.9996
Car -1 -1 0.5625 145.9779 180.3296 167.0061 196.5585 0.4934 0.6928 0.2236 -14.2460 0.7315 22.5977 0.0000 0.9939
Car -1 -1 -0.7689 1241.0000 155.1059 1241.0000 192.5023 0.7762 0.3219 0.2930 14.6434 0.4082 15.1352 0.0000 0.9998
Car -1 -1 -0.6302 1122.5124 169.4694 1155.2185 202.4103 0.7100 0.6723 0.2270 11.5873 0.6374 15.8847 0.0000 0.9989
Car -1 -1 -0.4024 910.5401 176.2857 926.2840 195.2231 0.6463 0.5435 0.3128 10.6366 0.7669 24.9930 0.0000 0.9989
Car -1 -1 0.7834 0.0000 156.3104 0.0000 187.5092 0.8100 1.2321 1.0379 19.2734 0.4299 -19.3513 0.0000 0.3472
Car -1 -1 -0.5108 951.8090 135.5171 1080.3267 167.4561 0.6662 2.4128 1.6089 -9.3411 0.8003 -16.6673 0.0000 0.5875
Car -1 -1 1.2107 0.0000 74.6200 0.0000 240.6087 0.9450 0.2230 0.6510 11.2133 0.5596 -4.2219 0.0000 0.9978
Car -1 -1 -0.0087 548.3132 129.9841 676.8657 181.9982 0.7534 2.9780 1.8619 -0.1037 0.6213 -11.9422 0.0000 0.6235
Car -1 -1 1.1812 0.0000 94.7373 0.0000 148.4794 0.5290 2.0889 1.7250 22.1542 0.8719 -9.0973 0.0000 0.5772
Car -1 -1 -0.9241 1241.0000 184.7008 1241.0000 244.4695 0.6515 0.4279 0.3301 10.8103 0.7895 8.1615 0.0000 0.9841
Car -1 -1 1.2975 0.0000 217.3726 0.0000 374.0000 2.2527 1.0305 0.8913 27.4539 -0.5060 -7.6944 0.0000 0.9995
Car -1 -1 0.8886 0.0000 72.1571 0.0000 200.6842 0.8808 2.6913 1.5687 7.7465 0.6904 -6.2931 0.0000 0.5316
Car -1 -1 0.7554 0.0000 88.2042 0.0000 143.8740 0.5298 0.8501 0.3347 7.2863 0.8579 -7.7377 0.0000 0.9738
Car -1 -1 -1.5251 1241.0000 374.0000 1241.0000 374.0000 0.1550 0.6343 0.1027 8.4496 0.7647 0.3867 0.0000 0.4175
Car -1 -1 1.3893 0.0000 291.9315 0.0000 374.0000 1.1434 0.6340 0.5892 20.3765 -0.6687 -3.7400 0.0000 0.9867
Car -1 -1 -1.5176 1241.0000 0.0000 1241.0000 120.2634 1.7483 0.7121 0.7238 15.1010 -0.0844 0.8045 0.0000 0.9992
