Car -1 -1 0.3014 354.3253 64.3934 424.0819 200.4922 1.6239 0.5051 0.7025 -2.7540 0.3301 8.8591 0.0000 0.9999
Car -1 -1 0.3566 324.5713 41.3844 367.9178 208.9433 1.5443 0.5361 0.2200 -2.5764 0.3330 6.9152 0.0000 0.9999
Car -1 -1 -0.7727 1241.0000 105.5382 1241.0000 143.6763 0.7570 0.6031 0.3529 14.7041 -0.6219 15.0824 0.0000 0.9902
Car -1 -1 0.8500 0.0000 85.6883 0.0000 187.0267 1.8770 0.2847 0.7703 -15.3718 0.2629 13.5038 0.0000 1.0000
Car -1 -1 -1.3976 1241.0000 143.7889 1241.0000 374.0000 2.1481 1.1093 0.7507 -24.9701 0.1539 -4.3687 0.0000 0.9999
Car -1 -1 -1.0922 1241.0000 214.8708 1241.0000 258.8823 0.6428 1.0934 0.1789 -23.3852 -0.7378 -12.1319 0.0000 0.9394
Car -1 -1 1.3274 0.0000 221.8622 0.0000 374.0000 1.2622 0.1206 0.5122 11.2639 -0.1935 -2.7972 0.0000 0.9997
Car -1 -1 1.4386 0.0000 374.0000 0.0000 374.0000 0.8248 1.0452 1.0112 34.1878 -1.4529 -4.5444 0.0000 0.6023
Car -1 -1 1.5068 0.0000 374.0000 0.0000 374.0000 0.6377 1.0266 0.6572 34.0534 -1.5023 -2.1826 0.0000 0.9604
Car -1 -1 -1.1112 1241.0000 0.0000 1241.0000 179.8121 1.9806 0.5024 0.4454 14.6634 0.0679 7.2574 0.0000 0.9997
Car -1 -1 -1.2974 1241.0000 174.8475 1241.0000 337.3229 2.0352 2.0972 0.7185 -36.0777 -0.0305 -10.1154 0.0000 0.9993
Car -1 -1 -1.2324 1241.0000 0.0000 1241.0000 206.2357 1.8563 0.5403 0.7167 10.8707 0.1650 3.8256 0.0000 0.9990
Car -1 -1 0.9611 0.0000 52.5475 0.0000 197.4845 1.8128 0.8477 1.3991 -13.5237 0.3084 9.4455 0.0000 0.9978
Car -1 -1 1.0502 0.0000 43.8641 0.0000 196.6633 1.8523 0.2616 0.3670 -15.4780 0.2890 8.8746 0.0000 0.9999
Car -1 -1 -0.1080 677.3940 175.5952 694.6854 250.1210 2.3890 0.4926 0.5084 -2.5366 -0.0895 -23.3970 0.0000 0.9998
Car -1 -1 -1.5321 1241.0000 0.0000 1241.0000 0.0000 0.7098 0.7730 0.5161 30.2927 -0.7018 1.1715 0.0000 0.9129
Car -1 -1 -1.4383 1241.0000 167.3160 1241.0000 343.5082 1.0777 0.8422 0.3706 -36.2953 0.0342 -4.8371 0.0000 0.9989
Car -1 -1 -1.1738 1241.0000 177.1534 1241.0000 212.1050 0.7311 0.8079 0.3278 -37.2098 -0.0950 -15.5992 0.0000 0.9867
Car -1 -1 -1.0975 1241.0000 178.4778 1241.0000 197.5482 0.2980 0.8652 0.2676 -23.3621 -0.0963 -11.9652 0.0000 0.4520
Car -1 -1 0.9931 0.0000 145.3112 0.0000 202.7616 1.1427 0.5919 0.3756 -22.4640 0.5952 14.6448 0.0000 0.9989
Car -1 -1 -0.0036 604.9735 158.3845 622.2497 184.2547 1.0675 0.3749 0.7129 0.1074 0.4708 29.9584 0.0000 0.9996
Car -1 -1 0.8047 0.0000 181.8301 0.0000 207.6084 0.8954 0.4446 0.4514 26.4434 -0.3189 -25.4425 0.0000 0.9964
Car -1 -1 1.1122 0.0000 165.6058 0.0000 228.0426 1.3140 1.3191 0.9368 32.0961 0.1529 -15.8475 0.0000 0.9742
Car -1 -1 1.3797 0.0000 208.9660 0.0000 289.1089 0.6213 0.4481 0.6382 31.1336 -0.3121 -6.0223 0.0000 0.4605
Car -1 -1 0.5635 144.2883 177.6871 166.6475 199.1569 0.6635 0.5173 0.3771 -14.3252 0.8175 22.6709 0.0000 0.9986
Car -1 -1 0.3292 346.7053 169.1763 375.1193 183.0509 0.4334 0.7434 0.6460 7.8281 0.1152 -22.9136 0.0000 0.3836
Car -1 -1 -0.6289 1117.7429 169.4476 1157.2701 202.5010 0.7119 0.8336 0.2642 11.6038 0.6388 15.9534 0.0000 0.9859
Car -1 -1 0.7697 0.0000 188.5394 0.0000 221.3799 0.5963 0.3189 0.3727 -12.9961 0.8918 13.4111 0.0000 0.9995
Car -1 -1 0.7807 0.0000 156.4443 0.0000 187.4834 0.8084 1.1512 1.0457 19.1885 0.4278 -19.3709 0.0000 0.3765
Car -1 -1 1.2984 0.0000 210.9390 0.0000 374.0000 2.4154 0.9847 0.8616 27.4677 -0.4305 -7.6740 0.0000 0.9997
Car -1 -1 1.2103 0.0000 69.9860 0.0000 245.6776 1.0039 0.2126 0.5912 11.2262 0.5881 -4.2318 0.0000 0.9983
Car -1 -1 0.9799 0.0000 132.0064 0.0000 151.4515 0.3009 1.4577 1.1975 20.1291 0.7234 -13.5032 0.0000 0.5187
Car -1 -1 1.1792 0.0000 106.1456 0.0000 159.9599 0.5718 2.0614 1.5231 22.2682 0.7549 -9.1946 0.0000 0.6768
Car -1 -1 -0.9238 1241.0000 187.5877 1241.0000 241.8186 0.5877 0.4286 0.3954 10.7839 0.7588 8.1468 0.0000 0.9898
Car -1 -1 1.3890 0.0000 304.0013 0.0000 374.0000 0.9997 0.6896 0.6719 20.3391 -0.7415 -3.7392 0.0000 0.9304
Car -1 -1 -1.5152 1241.0000 0.0000 1241.0000 92.1512 1.6550 0.5850 0.6339 15.0570 -0.1264 0.8380 0.0000 0.9997
Car -1 -1 -1.3065 1241.0000 0.0000 1241.0000 85.6899 0.9161 0.6530 0.5587 21.0433 -0.7273 5.6941 0.0000 0.6925
Car -1 -1 -1.0545 1241.0000 0.0000 1241.0000 191.8304 1.8744 0.3453 0.3912 11.0866 0.1614 6.2934 0.0000 0.9998
