Car -1 -1 0.9425 0.0000 229.2911 0.0000 262.9531 0.5509 2.1605 0.6273 22.7303 -1.3756 -16.5144 0.0000 0.5441
Car -1 -1 -1.0166 1241.0000 62.3222 1241.0000 141.5873 1.2318 2.0864 0.4116 21.1291 -0.6116 13.0765 0.0000 0.8294
Car -1 -1 -0.9553 1241.0000 81.0458 1241.0000 145.8938 1.3644 1.1249 0.9684 22.9233 -0.6264 16.2086 0.0000 0.9978
Car -1 -1 -0.7948 1241.0000 89.8225 1241.0000 156.8571 1.4885 1.2760 1.3037 17.2822 -0.3899 16.9617 0.0000 0.9817
Car -1 -1 0.9275 0.0000 113.5673 0.0000 144.8468 0.4085 0.5573 0.3344 -13.6027 -0.4064 10.1986 0.0000 0.9137
Car -1 -1 1.4460 0.0000 374.0000 0.0000 374.0000 0.7760 0.9881 0.6868 32.0194 -1.3793 -4.0184 0.0000 0.3648
Car -1 -1 -0.3779 878.3756 184.6089 911.4678 208.5997 0.9016 1.3945 0.7554 -11.3136 -0.4752 -28.4983 0.0000 0.4238
Car -1 -1 -0.3286 837.3031 179.5010 871.9437 211.2971 1.4823 0.9878 1.3131 -11.7107 -0.3205 -34.3411 0.0000 0.9735
Car -1 -1 1.1493 0.0000 158.9615 0.0000 302.1691 1.7342 2.1687 0.9347 21.9131 0.1686 -9.8247 0.0000 0.9988
Car -1 -1 0.5242 179.2972 161.7497 208.1040 177.0870 0.6162 0.8382 0.6911 -17.0017 0.1704 29.4069 0.0000 0.9804
Car -1 -1 0.5117 178.6028 174.4302 231.7592 191.1931 0.4958 1.9488 0.5652 -12.6325 0.5474 22.4949 0.0000 0.6397
Car -1 -1 -0.4053 902.8059 173.2557 932.8947 201.4050 1.0421 1.0560 0.6854 -11.6944 -0.0151 -27.2584 0.0000 0.9834
Car -1 -1 -0.9586 1241.0000 11.3333 1241.0000 36.5247 0.0217 1.3373 0.6609 -12.1477 1.7594 -8.5293 0.0000 0.7087
Car -1 -1 -0.6487 1120.9529 203.4687 1190.6496 228.4231 0.6045 1.4473 0.8340 -15.1487 -0.8780 -19.9800 0.0000 0.4829
Car -1 -1 0.6503 17.0772 191.1067 97.9960 261.2173 2.4447 1.9130 1.5211 20.2477 -0.6971 -26.6165 0.0000 0.9889
Car -1 -1 0.7051 0.0000 187.3097 48.2179 273.6745 2.5813 2.3127 1.6997 19.6682 -0.4858 -23.1121 0.0000 0.9941
