Car -1 -1 1.1238 0.0000 103.5204 0.0000 141.2878 0.5648 1.5439 1.0242 -26.8032 -0.5957 12.8493 0.0000 0.4934
Car -1 -1 -0.4602 934.0424 102.4485 1008.3197 165.3236 1.2633 0.9613 1.0720 7.4800 -0.1622 15.0907 0.0000 0.9976
Car -1 -1 -0.2733 804.7269 126.0268 822.3219 162.9139 1.2898 0.3686 0.5180 7.1501 -0.3537 25.5109 0.0000 0.9999
Car -1 -1 1.3307 0.0000 12.7101 0.0000 138.3475 1.0874 1.3437 0.9121 -29.7474 -0.3802 7.2833 0.0000 0.9073
Car -1 -1 -1.4390 1241.0000 284.5844 1241.0000 374.0000 0.7079 0.7826 0.7437 -29.3205 -0.6615 -3.8858 0.0000 0.6475
Car -1 -1 -1.2389 1241.0000 178.3938 1241.0000 342.3075 2.2047 2.1833 0.8325 -31.5536 -0.0915 -10.8733 0.0000 0.9968
Car -1 -1 -1.5203 1241.0000 306.3655 1241.0000 374.0000 0.9034 2.7945 0.8623 -28.9217 -0.5283 -1.4628 0.0000 0.5295
Car -1 -1 0.3687 314.4858 189.7412 343.1060 246.7174 1.8723 0.5530 0.7427 9.3320 -0.5713 -24.1531 0.0000 0.9999
Car -1 -1 0.7925 0.0000 224.1565 0.0000 253.8987 0.4743 0.8943 0.7973 13.6907 -0.9910 -13.4977 0.0000 0.4986
Car -1 -1 0.8291 0.0000 106.9194 0.0000 192.9736 2.6627 1.0356 1.2140 -24.9316 0.6229 22.8411 0.0000 0.9927
Car -1 -1 1.1824 0.0000 116.3020 0.0000 156.9552 0.5911 0.9240 0.5837 -27.6428 -0.2591 11.3120 0.0000 0.8722
Car -1 -1 1.2945 0.0000 118.3488 0.0000 166.2406 0.5417 0.8283 0.6341 -30.6323 -0.0831 8.6866 0.0000 0.6965
Car -1 -1 -1.1615 1241.0000 190.3968 1241.0000 248.7366 1.0538 0.7758 0.7883 -31.4828 -0.3410 -13.6568 0.0000 0.9455
Car -1 -1 0.4026 277.8584 187.6210 322.1715 232.4413 1.5201 1.2274 1.0388 10.8562 -0.5339 -25.4916 0.0000 0.9963
Car -1 -1 -0.4295 911.0569 123.4150 975.2015 164.9790 1.1344 1.4056 1.1871 9.4612 -0.2328 20.6596 0.0000 0.7578
Car -1 -1 -1.1287 1241.0000 183.4971 1241.0000 224.0060 0.8128 0.8059 0.6799 -31.8919 -0.2282 -15.0950 0.0000 0.9367
Car -1 -1 0.3060 360.3897 182.7195 398.8887 220.0939 1.4908 1.6602 1.0743 9.4933 -0.4219 -30.0520 0.0000 0.9543
Car -1 -1 0.3457 327.0842 183.4707 367.8442 221.0077 1.3732 1.6441 0.9666 9.9728 -0.4191 -27.6861 0.0000 0.9482
Car -1 -1 0.3599 326.7987 193.6958 345.7485 212.1371 0.6404 0.4888 0.4939 9.7295 -0.7535 -25.8574 0.0000 0.9517
Car -1 -1 -0.3555 853.6552 141.3161 907.1013 170.9494 0.8827 1.7701 1.0016 8.3492 -0.0613 22.4886 0.0000 0.8687
Car -1 -1 -0.3277 846.0073 148.4579 867.4164 167.0192 0.6239 0.8023 0.4642 8.4658 -0.2043 24.9044 0.0000 0.5240
Car -1 -1 0.7777 0.0000 130.7619 0.0000 208.3975 2.5952 2.8535 1.5476 -25.1544 1.1885 25.5438 0.0000 0.9982
Car -1 -1 -1.3591 1241.0000 168.0887 1241.0000 255.7953 0.7690 0.7094 0.7531 -31.1076 0.0421 -6.6840 0.0000 0.9263
Car -1 -1 -1.0968 1241.0000 21.1497 1241.0000 143.2074 0.8623 1.2316 0.6105 11.7145 -0.2720 6.0094 0.0000 0.9817
Car -1 -1 0.6981 0.0000 168.8058 20.4190 185.2723 0.6703 0.6030 0.7187 -24.8936 0.5059 29.6703 0.0000 0.9619
Car -1 -1 -1.3024 1241.0000 16.9260 1241.0000 285.4900 2.6470 2.5143 1.2940 -30.4324 1.5372 -8.3714 0.0000 0.9867
Car -1 -1 0.3304 353.2240 177.1319 367.8401 191.0788 0.5455 0.3801 0.4467 9.7847 -0.1699 -28.5322 0.0000 0.9974
Car -1 -1 0.8671 0.0000 179.1408 0.0000 222.4540 0.5968 0.8531 0.9123 12.3675 -0.0948 -10.4947 0.0000 0.4017
Car -1 -1 0.6515 1.8568 190.0376 103.7095 285.7638 1.4288 1.2040 0.7067 8.8396 -0.2900 -11.5908 0.0000 0.9949
Car -1 -1 -1.4375 1241.0000 66.6673 1241.0000 183.9202 0.5601 1.0584 0.6240 -29.6766 0.5076 -3.9785 0.0000 0.6031
Car -1 -1 -1.2471 1241.0000 99.3392 1241.0000 184.4991 1.2272 1.2394 1.0107 -32.8520 1.0597 -11.0201 0.0000 0.9792
Car -1 -1 0.4496 242.8066 177.9430 275.2214 197.3277 0.5478 0.4849 0.6970 10.0205 -0.1478 -20.7625 0.0000 0.3430
Car -1 -1 -1.3729 1241.0000 86.8579 1241.0000 156.7631 0.5732 0.4801 0.4128 -31.2673 0.7186 -6.2694 0.0000 0.9978
Car -1 -1 -1.0833 1241.0000 89.6684 1241.0000 199.7804 2.4019 2.0047 1.1683 -31.5829 1.8149 -16.7443 0.0000 0.9989
Car -1 -1 0.9277 0.0000 184.6223 0.0000 242.2905 1.4318 2.0090 1.2075 -25.7912 1.7639 19.3268 0.0000 0.8933
Car -1 -1 -1.1683 1241.0000 66.4846 1241.0000 200.1110 1.8894 0.3364 0.9475 -24.3648 1.5043 -10.3730 0.0000 0.9998
Car -1 -1 -1.1324 1241.0000 70.6617 1241.0000 170.6455 1.8677 2.0624 1.1908 -31.0554 1.9158 -14.5580 0.0000 0.9957
Car -1 -1 -1.1531 1241.0000 91.9024 1241.0000 147.2811 1.0356 0.6411 0.5575 -31.8001 1.5474 -14.1119 0.0000 0.9997
Car -1 -1 -1.2438 1241.0000 2.0893 1241.0000 114.8558 1.3017 2.0141 1.2358 -30.5888 2.2167 -10.3746 0.0000 0.8681
Car -1 -1 -0.9636 1241.0000 94.1953 1241.0000 135.3884 1.1928 1.0772 0.5724 -32.2614 2.3849 -22.4144 0.0000 0.9971
Car -1 -1 -1.0457 1241.0000 77.1264 1241.0000 115.8705 0.8964 0.8823 0.7454 -31.8158 2.3872 -18.4345 0.0000 0.9988
Car -1 -1 -1.3087 1241.0000 0.0000 1241.0000 55.2744 0.9718 0.8377 0.5617 -30.0138 2.3523 -8.0529 0.0000 0.9989
Car -1 -1 -1.0307 1241.0000 72.7942 1241.0000 110.4158 0.8791 0.8201 0.6282 -31.0810 2.5273 -18.6346 0.0000 0.9971
Car -1 -1 -0.9522 1241.0000 133.3010 1241.0000 272.6154 0.5764 0.2487 0.6962 4.3648 0.4131 3.1067 0.0000 0.5094
Car -1 -1 -1.0249 1241.0000 42.7401 1241.0000 139.5019 0.9868 1.0760 0.9456 13.6055 -0.4067 8.2646 0.0000 0.5666
