Car -1 -1 0.3933 299.9105 108.5170 324.1744 185.9196 2.3190 0.5708 0.5012 -9.0865 0.3918 21.9002 0.0000 0.9999
Car -1 -1 0.4830 222.7577 96.0868 244.7124 191.8474 2.1980 0.3399 0.3320 -8.7721 0.4363 16.7288 0.0000 0.9999
Car -1 -1 0.2148 441.7039 205.3701 459.3585 223.2337 0.6630 0.2579 0.6131 5.9729 -1.2393 -27.3814 0.0000 0.4850
Car -1 -1 0.6701 7.9020 190.3676 62.2420 264.7908 2.1575 0.9778 0.8509 17.1486 -0.5367 -21.6391 0.0000 0.9998
Car -1 -1 0.7455 0.0000 190.3328 0.0000 273.6270 2.0797 0.3762 0.2822 16.8811 -0.4471 -18.2852 0.0000 0.9998
Car -1 -1 1.3263 0.0000 300.1470 0.0000 374.0000 0.7269 0.9494 0.6584 36.3531 -1.6831 -9.0705 0.0000 0.3328
Car -1 -1 1.3772 0.0000 330.5470 0.0000 374.0000 0.6965 0.9359 0.4514 35.9364 -1.6411 -7.0455 0.0000 0.6163
Car -1 -1 1.5417 0.0000 374.0000 0.0000 374.0000 0.8487 1.5862 0.8426 34.8340 -1.4296 -1.0151 0.0000 0.7819
Car -1 -1 -1.3108 1241.0000 0.0000 1241.0000 104.3484 1.5186 1.3522 0.9776 30.5080 -0.8347 8.1162 0.0000 0.9978
Car -1 -1 0.3247 357.7947 117.5282 378.1003 183.1715 2.8399 0.5382 0.7058 -10.5990 0.4467 31.4823 0.0000 0.9999
Car -1 -1 0.6257 70.7515 77.0661 112.5369 198.4495 1.9853 0.3457 0.4453 -8.6497 0.4190 11.9712 0.0000 0.9999
Car -1 -1 1.0763 0.0000 124.9951 0.0000 153.4808 0.5862 0.8310 0.5834 -29.3476 -0.4358 15.8253 0.0000 0.9420
Car -1 -1 1.1249 0.0000 56.7446 0.0000 190.3553 2.4354 0.4018 0.5751 -27.9278 0.3194 13.3502 0.0000 0.9999
Car -1 -1 1.4350 0.0000 0.0000 0.0000 227.9266 2.3085 0.4180 0.4155 -27.1208 0.2675 3.7058 0.0000 0.9999
Car -1 -1 -1.2589 1241.0000 176.0943 1241.0000 339.1145 2.4509 0.9567 0.6937 -35.1951 -0.0527 -11.3477 0.0000 0.9999
Car -1 -1 0.3742 316.1707 190.9102 333.0759 242.3378 2.0278 0.4750 0.4885 11.3319 -0.7276 -28.8569 0.0000 0.9999
Car -1 -1 -1.5508 1241.0000 0.0000 1241.0000 0.0000 0.8450 0.8418 0.6320 35.4057 -1.4271 0.7071 0.0000 0.9616
Car -1 -1 -1.4936 1241.0000 0.0000 1241.0000 0.0000 1.0570 1.1352 0.7919 36.0079 -1.1023 2.7854 0.0000 0.9579
Car -1 -1 -0.4980 982.1392 134.3215 1025.0006 159.3092 1.0573 1.1334 1.2647 17.2392 -0.6055 31.7072 0.0000 0.7903
Car -1 -1 1.4023 0.0000 0.0000 0.0000 171.5581 1.4514 0.7178 0.6828 -29.3102 -0.0092 4.9860 0.0000 0.9999
Car -1 -1 0.4360 246.3694 176.9927 291.8262 280.8350 1.7456 0.8518 0.3912 5.8670 -0.0743 -12.5919 0.0000 0.9997
Car -1 -1 1.5158 0.0000 374.0000 0.0000 374.0000 0.8670 0.8561 0.5741 35.1260 -1.2137 -1.9336 0.0000 0.9415
Car -1 -1 -1.1786 1241.0000 44.2410 1241.0000 140.7662 1.5923 0.8028 0.9531 30.3856 -0.5765 12.5684 0.0000 0.9987
Car -1 -1 1.3200 0.0000 204.3180 0.0000 368.1851 1.7531 2.0625 1.0592 35.7115 -0.4435 -9.1494 0.0000 0.9316
Car -1 -1 1.4295 0.0000 294.7657 0.0000 374.0000 0.6341 1.1426 0.7460 36.6929 -0.9778 -5.2207 0.0000 0.4527
Car -1 -1 -0.7008 1202.4264 143.0580 1238.0710 159.8665 0.5798 0.8833 0.5373 21.9446 -0.4758 26.0087 0.0000 0.6122
Car -1 -1 -1.3616 1241.0000 14.6726 1241.0000 108.0368 0.8380 0.7890 0.8287 34.9371 -0.7015 7.4159 0.0000 0.5464
Car -1 -1 0.7857 0.0000 183.4951 0.0000 295.0995 1.9070 0.5064 0.4947 12.6413 -0.1896 -12.6333 0.0000 0.9998
Car -1 -1 -1.2103 1241.0000 55.0804 1241.0000 160.7124 1.5913 1.6059 1.0697 31.4471 -0.2127 11.8545 0.0000 0.9816
Car -1 -1 -0.7897 1241.0000 166.3719 1241.0000 202.7253 1.1756 0.6629 0.3339 -23.8702 0.2100 -23.6670 0.0000 0.9980
Car -1 -1 1.3523 0.0000 180.4277 0.0000 337.9891 1.5181 1.7216 0.8638 35.5707 -0.0916 -7.8982 0.0000 0.9954
Car -1 -1 -1.0396 1241.0000 155.7512 1241.0000 200.1305 0.9728 0.7428 0.3969 -27.5570 0.3752 -16.1900 0.0000 0.9986
Car -1 -1 -0.8055 1241.0000 157.3133 1241.0000 176.6696 0.5987 0.5411 0.6897 -23.5160 0.4810 -22.5892 0.0000 0.7742
Car -1 -1 0.2061 447.0004 172.2883 466.9889 195.0863 0.8591 0.5949 0.6357 5.7478 0.0217 -27.4889 0.0000 0.8887
Car -1 -1 1.5195 0.0000 22.4596 0.0000 222.9254 0.4551 0.8355 0.4479 40.1051 0.3418 -2.0586 0.0000 0.9155
Car -1 -1 -0.9746 1241.0000 158.8646 1241.0000 216.6350 0.9686 0.8760 0.7202 18.4675 0.7344 12.5323 0.0000 0.9992
Car -1 -1 -0.7691 1241.0000 147.2733 1241.0000 182.2172 0.7431 0.5192 0.5847 -15.1064 0.5444 -15.6064 0.0000 0.9888
Car -1 -1 1.1353 0.0000 171.2680 0.0000 374.0000 1.4346 0.4279 0.4774 8.0992 0.0082 -3.7680 0.0000 0.9997
Car -1 -1 1.3818 0.0000 122.5819 0.0000 173.5184 0.4611 0.7848 0.4897 36.2197 0.4554 -6.9269 0.0000 0.4964
Car -1 -1 0.8271 0.0000 209.5731 0.0000 236.6464 0.5413 0.3243 0.4836 -16.3360 1.3148 15.0267 0.0000 0.9589
Car -1 -1 -1.1510 1241.0000 88.4250 1241.0000 162.8533 0.6721 0.2081 0.3939 -14.8990 0.7660 -6.6503 0.0000 0.9985
Car -1 -1 -0.2369 771.9154 177.7267 803.4665 227.7030 0.8533 0.9762 0.3232 3.1150 0.9441 12.9007 0.0000 0.8809
Car -1 -1 1.3499 0.0000 230.4618 0.0000 374.0000 0.6741 0.0492 0.4816 -15.2070 0.9493 3.4151 0.0000 0.9947
Car -1 -1 -0.1559 705.7913 96.0924 745.9504 187.5777 2.1692 0.7857 0.8474 2.7504 0.3495 17.4984 0.0000 0.9996
Car -1 -1 -1.3509 1241.0000 161.3378 1241.0000 374.0000 2.2173 0.5050 0.5143 -27.4969 0.0944 -6.1451 0.0000 0.9999
