Car -1 -1 0.5309 164.4249 126.7858 207.7129 168.9254 1.6173 1.5295 0.8470 -16.9935 -0.6721 28.9411 0.0000 0.9455
Car -1 -1 1.2995 0.0000 60.2842 0.0000 120.9760 0.7745 1.1472 0.5903 -39.3951 -1.0297 10.9577 0.0000 0.8879
Car -1 -1 1.4082 0.0000 0.0000 0.0000 70.0599 0.4529 1.1238 0.7003 -39.1245 -1.1178 6.4193 0.0000 0.4527
Car -1 -1 -1.5609 1240.0000 375.0000 1240.0000 375.0000 0.4441 0.7304 0.6434 -39.2640 -1.0540 -0.3903 0.0000 0.6893
Car -1 -1 -1.4557 1240.0000 332.9665 1240.0000 375.0000 0.4498 0.9777 0.6679 -39.3050 -1.0326 -4.5441 0.0000 0.5384
Car -1 -1 0.2049 438.9652 191.7979 473.2951 232.7330 1.8081 1.2526 1.2927 6.7715 -0.3029 -32.5834 0.0000 0.9982
Car -1 -1 -1.4862 1240.0000 359.5318 1240.0000 375.0000 0.7337 0.6791 0.5580 -39.2465 -0.8869 -3.3265 0.0000 0.9387
Car -1 -1 -1.4782 1240.0000 218.9007 1240.0000 371.9351 0.6639 0.7449 0.5502 -39.4180 -0.1876 -3.6589 0.0000 0.8206
Car -1 -1 -0.4994 871.1451 121.4581 1175.2391 313.9650 1.5718 2.8368 1.4412 -3.9773 0.5217 -7.2914 0.0000 0.5660
Car -1 -1 1.5274 0.0000 0.0000 0.0000 142.6183 0.4673 0.8087 0.5610 -39.5354 -0.1248 1.7163 0.0000 0.4456
Car -1 -1 1.5228 0.0000 111.4158 0.0000 375.0000 0.9070 1.5267 1.1845 -38.3699 0.7968 1.8443 0.0000 0.7974
Car -1 -1 0.3122 340.6690 191.2291 402.0272 245.4355 1.4868 2.3862 1.0245 6.8364 -0.1860 -21.1790 0.0000 0.9698
Car -1 -1 0.4959 195.4599 166.1766 244.3372 197.2483 1.0308 0.5106 1.3638 -13.0376 0.4003 24.1002 0.0000 0.5768
Car -1 -1 0.5404 154.5283 169.3103 199.3138 196.4574 0.9665 1.5795 0.6983 -15.8272 0.4014 26.3798 0.0000 0.9210
Car -1 -1 -1.5372 1240.0000 0.0000 1240.0000 19.4834 0.4554 0.6472 0.7047 -38.4181 0.8283 -1.2926 0.0000 0.6225
Car -1 -1 -1.4776 1240.0000 0.0000 1240.0000 161.3934 0.9220 1.7125 1.0843 -38.0363 1.0692 -3.5541 0.0000 0.7344
Car -1 -1 1.4309 0.0000 261.1697 0.0000 333.6392 0.4141 0.7877 0.6643 -37.8064 1.0198 5.3237 0.0000 0.4959
Car -1 -1 -1.4491 1240.0000 0.0000 1240.0000 89.1396 0.4104 0.8887 0.6863 -38.1446 1.0940 -4.6654 0.0000 0.4541
Car -1 -1 0.3942 243.1052 157.9850 361.3197 304.6429 1.8173 0.3426 1.3476 3.7777 0.3386 -9.0825 0.0000 0.9861
Car -1 -1 0.2103 429.3044 169.8178 481.2254 197.4667 0.8868 0.6125 1.5580 -4.9866 0.3941 23.3592 0.0000 0.7017
Car -1 -1 0.7063 0.0000 157.6555 96.9468 236.8064 0.9759 1.7815 1.4057 -8.3184 0.6372 9.7501 0.0000 0.4824
Car -1 -1 0.8266 0.0000 172.8626 0.0000 220.4099 0.8986 2.4479 1.3948 -16.0782 0.6663 14.8056 0.0000 0.4974
Car -1 -1 1.4083 0.0000 267.3510 0.0000 339.3974 0.4676 0.9211 0.6409 -37.6471 1.2271 6.1727 0.0000 0.6946
Car -1 -1 -1.5091 1240.0000 0.0000 1240.0000 43.0002 0.6569 0.6658 0.6317 -37.8884 1.1862 -2.3405 0.0000 0.9746
Car -1 -1 0.3217 349.9831 159.6152 380.5982 174.3050 0.4110 0.6048 0.6851 6.9546 0.7334 -20.8680 0.0000 0.5076
Car -1 -1 0.4867 131.6299 186.6371 299.6889 270.3478 1.5537 2.8606 1.9070 7.8454 -0.0310 -14.8250 0.0000 0.4624
Car -1 -1 0.3052 344.0611 143.7964 410.0956 165.5257 0.5265 1.7479 1.2662 6.2621 1.0959 -19.8786 0.0000 0.5061
Car -1 -1 0.8168 0.0000 219.9668 0.0000 251.6040 0.3941 1.0645 0.2735 -11.3437 0.9361 10.6520 0.0000 0.7673
Car -1 -1 -1.3388 1240.0000 0.0000 1240.0000 17.3057 0.2802 0.4156 0.1239 -7.9666 0.7686 -1.8821 0.0000 0.4536
Car -1 -1 0.1442 483.0630 132.5655 524.7743 176.8957 2.0488 0.4988 1.8760 -4.8751 -0.3903 33.5631 0.0000 0.9936
