Car -1 -1 0.6947 0.0000 105.1383 34.1581 174.4437 1.3281 0.1766 0.7290 -11.5912 0.0308 13.9118 0.0000 0.9982
Car -1 -1 -1.1093 1241.0000 77.6779 1241.0000 136.8509 0.7969 1.9655 0.1429 -23.9274 1.4399 -11.8990 0.0000 0.8522
Car -1 -1 1.0507 0.0000 207.0572 0.0000 312.4728 0.8026 0.2468 0.5472 -9.9432 1.0789 5.6945 0.0000 0.9994
Car -1 -1 -0.5580 1038.3903 122.3860 1078.2721 137.8147 0.2938 1.4228 0.0924 -11.0370 1.1873 -17.6835 0.0000 0.4284
Car -1 -1 -1.1145 1241.0000 40.6406 1241.0000 77.6905 0.2509 1.0374 0.1638 -16.4455 1.3838 -8.0716 0.0000 0.4280
Car -1 -1 -0.8081 1241.0000 74.4787 1241.0000 114.2088 0.4393 0.2148 0.3464 -8.7969 1.1314 -8.4061 0.0000 0.9945
Car -1 -1 0.4729 188.4649 80.2917 271.7786 171.0537 0.6101 0.3621 0.3914 2.5793 0.6235 -5.0412 0.0000 0.9967
Car -1 -1 -0.1955 745.5223 374.0000 767.9221 374.0000 0.2266 0.2468 0.2688 2.0352 4.4455 10.2788 0.0000 0.4219
Car -1 -1 1.3861 0.0000 0.0000 0.0000 277.0200 2.8285 0.7611 0.4586 -24.2223 0.5992 4.5256 0.0000 0.9999
Car -1 -1 -0.8778 1241.0000 149.9827 1241.0000 308.0149 2.3366 0.7413 0.4162 -13.2968 0.3385 -11.0418 0.0000 0.9999
Car -1 -1 -0.5898 1042.5739 187.0568 1143.8475 243.9761 1.5497 2.3152 1.4490 -14.3096 -0.4433 -21.3826 0.0000 0.8214
Car -1 -1 0.8583 0.0000 87.1491 0.0000 179.9117 1.5981 1.2461 1.5023 -15.1083 0.1219 13.0509 0.0000 0.8077
Car -1 -1 -0.4997 975.7536 189.6557 1027.7053 240.7315 1.3343 0.6035 1.0652 -10.5662 -0.4573 -19.3529 0.0000 0.8142
Car -1 -1 -0.3949 880.6348 192.2541 938.3541 231.7070 1.3568 1.4236 1.5062 -10.9335 -0.7239 -26.2294 0.0000 0.6420
Car -1 -1 0.6505 16.2594 171.0041 90.8210 319.4166 1.5104 0.4203 0.4567 5.7500 0.0192 -7.5562 0.0000 0.9998
Car -1 -1 1.0351 0.0000 200.8840 0.0000 331.7781 1.4778 0.3203 0.2778 14.1137 -0.3312 -8.3776 0.0000 0.9998
Car -1 -1 1.1202 0.0000 243.9440 0.0000 290.5479 0.7942 1.0717 0.5626 29.9047 -1.4777 -14.4691 0.0000 0.7383
Car -1 -1 1.2118 0.0000 213.7969 0.0000 374.0000 1.4801 0.5600 0.6526 16.5584 -0.3679 -6.2130 0.0000 0.9996
Car -1 -1 -1.4038 1241.0000 0.0000 1241.0000 44.5698 1.0424 1.6923 0.9058 28.6795 -1.0101 4.8346 0.0000 0.9249
Car -1 -1 -0.9778 1241.0000 68.6123 1241.0000 149.3571 1.4548 0.5633 0.7271 19.9492 -0.4467 13.4428 0.0000 0.9999
Car -1 -1 -0.4847 979.4584 101.1096 1004.7547 171.4146 1.6648 0.4180 0.3850 9.1104 -0.0346 17.3006 0.0000 0.9999
Car -1 -1 0.6017 93.9485 109.0961 136.2603 186.2008 2.9043 1.5648 0.5673 -19.1976 0.5031 27.9577 0.0000 0.9999
Car -1 -1 0.9225 0.0000 115.6357 0.0000 147.6987 0.4499 1.0473 0.9227 -15.1377 -0.4177 11.4663 0.0000 0.5959
Car -1 -1 -1.5400 1241.0000 374.0000 1241.0000 374.0000 0.8401 1.0833 0.3479 -34.1784 -0.4574 -1.0536 0.0000 0.9900
Car -1 -1 0.6815 5.2817 216.5245 39.2267 235.9617 0.6419 0.8100 0.5664 21.1366 -1.6010 -26.0555 0.0000 0.6623
Car -1 -1 1.1881 0.0000 249.8061 0.0000 316.4281 0.9976 0.7070 0.7259 29.7553 -1.3144 -11.9775 0.0000 0.9639
Car -1 -1 -0.8499 1241.0000 83.7710 1241.0000 157.8774 1.5619 0.3900 0.3342 17.6168 -0.3250 15.4788 0.0000 0.9998
Car -1 -1 -1.3449 1241.0000 0.0000 1241.0000 85.6112 1.3523 1.4327 0.7792 31.0353 -0.9491 7.1335 0.0000 0.9977
Car -1 -1 -1.3161 1241.0000 8.6144 1241.0000 77.8019 0.5531 1.0833 0.3998 29.9429 -1.0983 7.7955 0.0000 0.5217
Car -1 -1 -0.7602 1241.0000 105.8361 1241.0000 154.7744 1.5570 0.4593 0.5310 22.2033 -0.5906 23.3527 0.0000 0.9999
Car -1 -1 -0.4580 957.6316 105.2667 977.5934 170.2674 1.6792 0.4879 0.2809 9.3172 -0.0683 18.9005 0.0000 0.9998
Car -1 -1 -1.3051 1241.0000 77.5141 1241.0000 374.0000 1.8734 1.4570 1.4286 -14.1797 0.4136 -3.8587 0.0000 0.8293
Car -1 -1 1.2434 0.0000 247.9005 0.0000 324.4183 0.9579 0.9961 0.5097 30.9517 -1.1444 -10.5109 0.0000 0.9997
Car -1 -1 1.0562 0.0000 117.6104 0.0000 139.4404 0.3204 1.6311 0.0826 -24.5879 -0.6813 13.9009 0.0000 0.4253
Car -1 -1 1.4901 0.0000 353.2743 0.0000 374.0000 1.0925 1.8539 1.1139 34.9698 -0.9381 -2.8288 0.0000 0.8264
Car -1 -1 -1.4388 1241.0000 0.0000 1241.0000 64.6608 1.3402 1.1136 0.9381 27.0984 -0.6231 3.5981 0.0000 0.9756
Car -1 -1 -1.3679 1241.0000 0.0000 1241.0000 109.7566 1.4379 0.1981 0.4047 17.8840 -0.3302 3.6785 0.0000 0.9998
Car -1 -1 0.4567 234.8062 145.8661 277.3406 171.4825 1.0493 1.1509 1.2160 -14.8344 -0.0581 30.1898 0.0000 0.6856
Car -1 -1 1.0471 0.0000 154.4953 0.0000 181.7076 0.6953 1.0455 0.2839 -32.8229 0.2266 18.9557 0.0000 0.9566
Car -1 -1 -0.4342 925.2841 137.8811 969.4455 186.4818 1.1188 1.2151 0.4849 7.9825 0.3141 17.2151 0.0000 0.9969
Car -1 -1 1.1002 0.0000 35.2469 0.0000 211.9424 2.9520 0.7477 0.4850 -24.4280 0.6534 12.4256 0.0000 0.9999
Car -1 -1 0.5401 164.3482 159.6508 192.1030 180.3050 0.8917 0.7202 0.7816 -18.8905 0.3220 31.5089 0.0000 0.9831
Car -1 -1 1.1457 0.0000 151.6711 0.0000 206.1078 1.1078 1.5122 0.3686 -34.0964 0.6771 15.4371 0.0000 0.9844
Car -1 -1 1.2336 0.0000 81.2937 0.0000 260.8497 2.0055 0.8030 0.5317 -24.1276 0.9832 8.4577 0.0000 0.9999
Car -1 -1 -1.3358 1241.0000 95.4526 1241.0000 241.6582 1.5031 1.4027 0.1432 -33.9277 0.7961 -8.1218 0.0000 0.9993
Car -1 -1 1.5280 0.0000 374.0000 0.0000 374.0000 0.6368 0.6160 0.5536 35.0395 -0.7055 -1.4989 0.0000 0.9909
Car -1 -1 -0.6018 1056.0509 0.0000 1185.2020 257.5632 1.2686 0.3060 0.3797 2.2866 0.3736 3.3294 0.0000 0.9998
Car -1 -1 0.9777 0.0000 132.0483 0.0000 218.4813 1.9188 0.8476 0.3240 -24.3883 1.0133 16.4393 0.0000 0.9999
Car -1 -1 0.2024 442.7357 164.8125 474.7815 209.9208 1.1390 0.9162 0.6380 3.8334 0.2034 -18.6793 0.0000 0.9990
Car -1 -1 1.2947 0.0000 157.4819 0.0000 225.2196 0.8758 0.6971 0.1214 -34.1444 0.6774 9.6744 0.0000 0.9994
Car -1 -1 -1.1612 1241.0000 87.7192 1241.0000 251.5103 1.3687 0.4996 1.2260 -14.4679 0.7118 -6.2821 0.0000 0.9923
Car -1 -1 -1.1120 1241.0000 117.1075 1241.0000 214.0801 1.7630 2.5352 0.5289 -29.1261 1.0138 -14.3880 0.0000 0.9726
Car -1 -1 1.0688 0.0000 197.1195 0.0000 227.4245 0.5547 1.0847 0.3269 -26.6232 1.0649 14.6148 0.0000 0.9115
Car -1 -1 -1.2633 1241.0000 82.4025 1241.0000 235.7450 1.8143 0.8401 0.8963 -28.2172 1.0706 -8.9598 0.0000 0.9997
Car -1 -1 -0.1256 696.4727 175.2161 708.6251 197.3864 0.7057 0.4643 0.3317 2.9345 0.7830 23.2467 0.0000 0.9973
Car -1 -1 0.4492 248.8236 184.7665 277.0799 204.8246 0.8444 0.8311 0.8258 -15.0792 1.3681 31.2801 0.0000 0.9455
Car -1 -1 1.1964 0.0000 189.4528 0.0000 266.5302 1.3100 1.4902 0.5066 -33.9192 1.6341 13.3265 0.0000 0.9478
Car -1 -1 -0.2123 754.9163 150.5285 783.7157 210.6114 0.8978 0.4914 0.3314 2.3770 0.5646 11.0252 0.0000 0.9997
Car -1 -1 -0.1000 679.1207 173.4231 688.0159 191.5616 0.6842 0.2964 0.3071 2.7472 0.7063 27.3729 0.0000 0.9996
Car -1 -1 1.0292 0.0000 180.3124 0.0000 242.9969 1.2721 1.3794 0.7191 -25.7520 1.4397 15.4934 0.0000 0.9901
Car -1 -1 0.1002 529.5154 157.6532 540.7885 175.4446 0.5883 0.4017 0.3345 2.4198 0.5030 -24.0639 0.0000 0.9976
Car -1 -1 -0.5810 1045.9745 140.2118 1118.8089 172.9842 0.9813 1.1557 1.4818 -14.5673 0.9778 -22.1855 0.0000 0.3752
Car -1 -1 0.6772 16.0430 205.6956 45.8253 223.8994 0.5944 0.8298 0.3860 -20.4794 1.7731 25.4708 0.0000 0.9840
Car -1 -1 1.3145 0.0000 0.0000 0.0000 282.6369 2.2778 1.0710 0.9262 -15.0869 0.5209 3.9540 0.0000 0.9989
Car -1 -1 1.4521 0.0000 371.8035 0.0000 374.0000 0.7990 0.7608 0.7071 -33.0746 1.9924 3.9437 0.0000 0.9717
Car -1 -1 -0.8617 1241.0000 124.5243 1241.0000 151.6643 0.7700 0.6441 0.2801 -24.8252 1.4052 -21.2979 0.0000 0.9932
Car -1 -1 -0.6548 1138.1876 126.3971 1185.2140 156.3637 0.6663 0.9333 0.3954 -13.0722 1.0664 -17.0271 0.0000 0.9154
Car -1 -1 -1.2266 1241.0000 11.9278 1241.0000 119.4155 0.7097 1.2874 0.9531 -16.8768 1.2056 -6.0505 0.0000 0.3892
Car -1 -1 -0.5197 1002.3789 138.7205 1039.0438 169.4683 0.7831 1.1189 0.3310 -10.9064 0.8755 -19.0625 0.0000 0.8037
Car -1 -1 0.7538 0.0000 217.3471 0.0000 247.1986 0.5169 1.3608 1.0608 -14.2680 1.4966 15.1989 0.0000 0.3724
