Car -1 -1 0.4766 223.6238 111.5938 254.8320 177.7733 1.6220 0.6501 0.4453 -9.2959 0.1209 18.0061 0.0000 0.9999
Car -1 -1 0.4404 256.7859 120.8338 285.3256 175.1243 1.8104 0.8596 0.5654 -11.5406 0.0761 24.4872 0.0000 0.9998
Car -1 -1 0.5367 163.2832 115.7418 200.5555 177.9093 1.9161 0.7026 0.7505 -13.4394 0.1562 22.5872 0.0000 0.9999
Car -1 -1 -0.9003 1241.0000 204.8200 1241.0000 242.6365 0.7366 0.6936 0.6402 -18.9002 -0.6789 -14.9892 0.0000 0.5199
Car -1 -1 -0.4228 894.3985 119.4960 981.1257 161.3747 1.3462 2.1490 2.0102 11.1822 -0.4122 24.8542 0.0000 0.4297
Car -1 -1 -1.2238 1241.0000 227.7980 1241.0000 272.5493 0.6105 0.7165 0.5984 -30.6454 -0.8707 -11.0835 0.0000 0.6740
Car -1 -1 -0.4758 971.5912 109.7458 995.9412 165.4776 1.4484 0.6014 0.3338 9.8576 -0.1983 19.1297 0.0000 0.9999
Car -1 -1 -0.3807 886.6529 133.1840 913.4093 152.6225 0.6916 0.5062 0.7772 10.5847 -0.7485 26.4502 0.0000 0.9185
Car -1 -1 -0.9414 1241.0000 216.9835 1241.0000 238.4538 0.2918 1.5572 0.4963 -18.9357 -0.8905 -13.7899 0.0000 0.6207
Car -1 -1 -1.0294 1241.0000 143.7422 1241.0000 285.1346 2.9887 1.6051 1.0938 -26.7005 0.6157 -16.0568 0.0000 0.9997
Car -1 -1 -0.8044 1241.0000 191.8785 1241.0000 218.0638 0.8304 0.5587 0.7970 -24.4842 -0.6284 -23.5689 0.0000 0.9964
Car -1 -1 -0.6818 1167.3699 183.1111 1220.8520 211.5816 0.9100 1.1826 0.8267 -19.5452 -0.3503 -24.0814 0.0000 0.4236
Car -1 -1 -0.7648 1241.0000 186.6169 1241.0000 210.9792 0.6380 0.8689 0.6704 -19.0227 -0.3860 -19.8231 0.0000 0.4524
Car -1 -1 -0.4529 936.7281 160.9409 981.0081 219.3513 1.5049 0.7643 0.7943 -9.2329 0.3073 -18.9750 0.0000 0.9943
Car -1 -1 -0.3832 883.9321 148.0863 920.6639 166.9846 0.6703 0.8246 1.0023 10.5839 -0.2166 26.2576 0.0000 0.4504
Car -1 -1 -1.2903 1241.0000 177.5668 1241.0000 227.5718 0.6222 0.8460 0.6276 -32.9196 -0.0643 -9.4839 0.0000 0.9856
Car -1 -1 0.0814 544.7437 163.4319 559.3468 181.1899 0.7794 0.2600 0.6228 -2.5931 0.3662 31.7939 0.0000 0.9995
Car -1 -1 -0.6976 1162.0744 124.7180 1241.0000 246.5758 1.7735 0.6015 0.9899 -9.0564 0.7009 -10.8044 0.0000 0.9971
Car -1 -1 -0.6609 1136.8541 145.2586 1202.1930 182.6004 1.1903 1.0866 1.2888 -18.3067 0.8800 -23.5463 0.0000 0.8666
Car -1 -1 -0.3007 822.1752 160.8585 842.3340 174.4425 0.7002 0.7126 0.8292 -11.6445 0.6187 -37.5534 0.0000 0.8672
Car -1 -1 -0.6399 1127.2483 150.6480 1163.1490 177.4294 0.8946 0.6041 0.7658 -18.1694 0.7421 -24.4075 0.0000 0.7232
Car -1 -1 0.9762 0.0000 148.3632 0.0000 224.7649 0.9803 0.1998 0.3600 13.8417 0.3146 -9.3609 0.0000 0.9975
Car -1 -1 -1.1834 1241.0000 71.5452 1241.0000 134.9088 1.0564 0.8765 0.6144 -31.8473 1.7631 -12.9953 0.0000 0.9953
Car -1 -1 -1.1538 1241.0000 90.7676 1241.0000 148.5097 1.0605 0.9380 0.9295 -31.8710 1.5529 -14.1184 0.0000 0.8528
Car -1 -1 -0.4269 923.8957 143.6668 949.1273 162.2248 0.7631 0.8093 0.7011 -13.8900 1.2192 -30.5396 0.0000 0.9903
Car -1 -1 -0.3180 835.9774 145.4156 855.8244 163.4225 0.8591 0.5442 0.7839 -11.5141 1.3202 -34.9833 0.0000 0.9820
Car -1 -1 -0.6149 1101.1883 109.0565 1130.8036 174.2999 1.1001 0.3875 0.2353 -8.7312 1.0761 -12.3628 0.0000 0.9999
Car -1 -1 -0.5675 1050.4062 121.1019 1085.1892 143.5235 0.6367 0.6104 0.6533 -13.7663 1.5273 -21.5963 0.0000 0.7882
Car -1 -1 -1.4143 1241.0000 0.0000 1241.0000 0.0000 0.6710 0.4449 0.6284 -15.2981 1.3406 -2.4133 0.0000 0.9959
Car -1 -1 0.1962 461.1965 97.0223 477.3211 184.5766 1.5907 0.4943 0.2024 -2.6541 0.2133 13.3532 0.0000 0.9999
