Car -1 -1 0.4513 244.5533 104.8347 279.9138 184.1568 1.8948 0.3882 0.6673 -8.4450 0.2703 17.4266 0.0000 0.9997
Car -1 -1 1.1388 0.0000 187.6630 0.0000 241.3482 0.7156 0.5670 0.7791 -21.8058 0.9282 10.0545 0.0000 0.7763
Car -1 -1 -0.4396 855.7298 151.7769 1076.7531 220.6219 0.8318 2.3338 1.8741 4.6477 0.5775 9.8817 0.0000 0.6718
Car -1 -1 -0.5955 1072.0191 148.0400 1121.4070 180.3787 0.7636 0.9080 0.5841 -11.8531 0.5862 -17.4931 0.0000 0.9496
Car -1 -1 -0.3325 848.3404 150.8897 866.3618 169.6269 0.7445 0.8026 0.4539 -10.0857 0.8773 -29.2114 0.0000 0.9923
Car -1 -1 0.9531 0.0000 149.7038 0.0000 205.0813 0.8162 0.6178 0.8953 15.4060 0.3416 -10.9461 0.0000 0.8139
Car -1 -1 0.8380 0.0000 218.9166 0.0000 249.1922 0.4510 0.5129 0.7440 -13.0920 1.2201 11.7827 0.0000 0.5146
Car -1 -1 -0.5690 1033.6932 126.4573 1107.1616 160.8458 0.8252 1.6672 0.8423 -11.9813 1.1512 -18.7335 0.0000 0.6010
Car -1 -1 -1.2304 1241.0000 34.1615 1241.0000 121.9447 0.7660 0.6718 0.4822 -19.8309 1.2855 -7.0244 0.0000 0.9956
Car -1 -1 -0.7961 1241.0000 101.1822 1241.0000 155.4680 0.8300 1.4311 1.2630 -12.4727 1.1417 -12.2090 0.0000 0.3827
Car -1 -1 1.0756 0.0000 202.6315 0.0000 315.9277 0.7669 1.0821 0.4407 -10.5665 1.0252 5.7067 0.0000 0.7974
Car -1 -1 -1.0732 1241.0000 213.3357 1241.0000 280.4550 0.5968 1.3536 1.3434 -14.5655 -0.4813 -7.9118 0.0000 0.4889
Car -1 -1 -0.5054 981.9543 122.3501 1031.6649 141.8362 0.3897 0.8306 0.6565 -8.9462 1.1029 -16.1693 0.0000 0.5056
Car -1 -1 -0.3976 887.2193 123.4222 934.0003 148.9797 0.5678 0.7567 0.7939 -7.1886 1.1470 -17.1178 0.0000 0.9256
Car -1 -1 -0.4281 916.7271 117.6106 956.7654 133.4876 0.3273 0.7536 0.6082 -7.8124 1.2822 -17.1224 0.0000 0.6100
Car -1 -1 1.0579 0.0000 0.0000 0.0000 108.2031 0.4395 2.0418 1.2226 5.5658 0.8119 -3.1342 0.0000 0.5513
Car -1 -1 0.3772 304.6465 178.7677 337.6029 263.1208 2.1926 0.5852 0.6379 7.5640 -0.1585 -19.0910 0.0000 0.9999
Car -1 -1 0.4248 243.4430 171.8940 314.8011 280.4641 2.0594 0.7137 1.0620 6.3537 0.0186 -14.0458 0.0000 0.9981
Car -1 -1 0.9606 0.0000 180.4256 0.0000 345.0456 1.8951 1.9839 1.5250 13.4330 -0.1086 -9.3924 0.0000 0.8539
Car -1 -1 1.0235 0.0000 176.0337 0.0000 374.0000 1.7714 1.8998 1.9361 10.8110 -0.0329 -6.5886 0.0000 0.9048
Car -1 -1 0.6696 1.7292 84.1235 79.1443 193.7037 1.9794 0.8884 0.7453 -10.6665 0.3770 13.4747 0.0000 1.0000
Car -1 -1 1.3686 0.0000 216.4336 0.0000 374.0000 1.1585 0.6604 0.9068 9.2869 -0.1344 -1.9037 0.0000 0.9887
Car -1 -1 1.4675 0.0000 209.0630 0.0000 374.0000 1.6918 1.3472 1.2356 14.4346 -0.1084 -1.4957 0.0000 0.9995
Car -1 -1 -1.3654 1241.0000 0.0000 1241.0000 65.9233 0.8557 0.2515 0.4495 13.8642 -0.4467 2.8884 0.0000 0.9994
Car -1 -1 -0.8488 1241.0000 0.0000 1241.0000 192.2974 1.5345 0.6892 0.6244 6.9200 0.1554 6.0937 0.0000 0.9998
Car -1 -1 -0.7409 1241.0000 90.0500 1241.0000 163.6264 1.6109 0.6163 0.7828 14.8012 -0.2105 16.1802 0.0000 0.9968
Car -1 -1 -0.5025 926.8334 0.0000 1117.7919 231.4981 1.5233 0.5371 0.7991 2.2959 0.3183 4.1775 0.0000 0.9992
Car -1 -1 0.8969 0.0000 0.0000 0.0000 239.1953 1.7183 0.2959 1.1804 -5.8887 0.4194 4.7026 0.0000 0.9999
Car -1 -1 -0.2543 787.3562 112.6150 811.2111 173.0697 1.7382 0.4934 0.5643 5.4560 0.0066 20.9901 0.0000 0.9999
Car -1 -1 -0.2277 764.0284 116.5173 793.5396 172.0989 1.7956 0.6971 0.8045 5.4838 -0.0248 23.6644 0.0000 0.9998
Car -1 -1 0.3638 324.2467 113.7144 349.1461 181.0350 2.0239 0.5263 0.5586 -8.3581 0.2463 21.9525 0.0000 0.9999
Car -1 -1 0.8071 0.0000 108.6932 0.0000 169.6443 1.3408 1.5100 1.2317 -17.4437 -0.0773 16.7038 0.0000 0.7278
Car -1 -1 -1.2793 1241.0000 85.1923 1241.0000 374.0000 2.3451 2.1158 2.3653 -15.6707 0.4427 -4.7019 0.0000 0.6636
Car -1 -1 -1.4266 1241.0000 0.0000 1241.0000 194.4816 1.5355 0.2394 0.4205 11.8984 0.0486 1.7274 0.0000 0.9998
Car -1 -1 -0.9549 1241.0000 81.1796 1241.0000 138.5411 0.9615 0.8417 0.7499 18.3925 -0.6388 13.0163 0.0000 0.7065
Car -1 -1 -0.2023 747.6842 123.7213 770.6692 168.9595 1.7821 0.7044 0.7725 5.9140 -0.1572 28.8336 0.0000 0.9996
Car -1 -1 -1.4475 1241.0000 166.4704 1241.0000 374.0000 1.4138 1.0782 1.3318 -16.3820 0.0135 -2.0303 0.0000 0.9511
Car -1 -1 0.5090 184.1578 109.2974 234.2198 186.1566 1.5728 0.7735 0.6221 -8.4540 0.2726 15.1492 0.0000 0.9998
Car -1 -1 0.9309 0.0000 112.5009 0.0000 167.0037 0.9180 1.2826 1.3447 -17.3680 -0.1097 12.9295 0.0000 0.4962
Car -1 -1 -1.2669 1241.0000 223.9201 1241.0000 315.2236 0.7768 0.4163 0.5571 -20.9871 -0.4801 -6.5827 0.0000 0.9898
Car -1 -1 -1.0868 1241.0000 142.9952 1241.0000 347.8569 2.3252 0.9211 1.0291 -16.4581 0.3393 -8.6526 0.0000 0.9990
Car -1 -1 0.2411 418.5565 199.1857 443.0131 217.8032 0.8831 0.4822 1.0719 8.6446 -1.2911 -35.1504 0.0000 0.8501
Car -1 -1 1.1926 0.0000 248.4122 0.0000 332.8925 0.9247 0.2200 0.3712 20.6529 -0.8703 -8.2068 0.0000 0.9995
Car -1 -1 -0.9841 1241.0000 182.6264 1241.0000 273.6430 1.0635 1.3280 1.1111 -13.8994 -0.1337 -9.2403 0.0000 0.4164
Car -1 -1 0.9769 0.0000 157.4773 0.0000 374.0000 1.7109 0.3766 0.8157 7.8521 0.1093 -5.3015 0.0000 0.9956
Car -1 -1 0.4605 188.7823 132.8840 310.7372 187.8276 1.3450 2.5834 1.9156 -9.4028 0.3669 18.9525 0.0000 0.4824
Car -1 -1 0.6203 56.1803 123.8608 134.9500 196.2667 1.6722 1.0302 1.1416 -12.2695 0.5411 17.1764 0.0000 0.9994
Car -1 -1 -1.0651 1241.0000 162.1654 1241.0000 284.7264 1.5511 0.7694 0.6396 -17.1890 0.1356 -9.5189 0.0000 0.9937
Car -1 -1 -0.4766 972.0905 167.1482 989.2810 216.2591 1.9923 0.4285 0.4821 -15.2232 0.2318 -29.4880 0.0000 0.9999
Car -1 -1 0.5611 127.7931 159.4768 187.2261 192.1542 0.8027 1.2635 0.7203 -11.5335 0.4744 18.3524 0.0000 0.8604
Car -1 -1 0.7179 0.0000 146.5084 26.9217 199.8862 1.3048 1.1657 1.3362 -15.9112 0.6611 18.2173 0.0000 0.8707
Car -1 -1 0.8677 0.0000 118.9800 0.0000 218.8503 1.5250 2.5894 2.1909 -14.5235 0.7027 12.3097 0.0000 0.3335
Car -1 -1 -1.1200 1241.0000 158.1612 1241.0000 190.0383 0.3784 0.6999 0.6887 -18.4219 0.1748 -8.9177 0.0000 0.4409
Car -1 -1 -1.3585 1241.0000 90.7112 1241.0000 249.6783 0.7962 0.5239 0.6933 -17.9903 0.4118 -3.8786 0.0000 0.8571
Car -1 -1 -0.6494 1133.0116 147.1078 1179.4563 191.4159 1.6159 1.0003 0.9681 -20.3600 0.9393 -26.8175 0.0000 0.9985
Car -1 -1 0.5097 176.9721 173.5930 228.6945 219.5111 1.0152 0.9615 0.6371 9.1950 -0.0170 -16.4516 0.0000 0.8043
Car -1 -1 0.7370 0.0000 174.5552 0.0000 216.6420 0.8898 0.5288 1.1638 -14.1015 0.9274 15.5375 0.0000 0.8903
Car -1 -1 -1.1706 1241.0000 114.1631 1241.0000 173.0433 0.7474 0.9961 0.6731 -22.8345 0.7454 -9.6602 0.0000 0.4392
Car -1 -1 -0.5327 997.6191 148.3854 1071.6018 185.3552 1.1523 1.8122 1.3312 -13.7952 0.7630 -23.3977 0.0000 0.4603
Car -1 -1 0.5406 148.7148 185.8946 207.9599 213.8165 0.5982 0.8772 0.8146 -9.7870 0.9012 16.3032 0.0000 0.6109
