Car -1 -1 -0.2182 752.3367 132.8328 794.2783 144.6207 0.1816 1.2334 0.5737 3.2548 -0.5984 14.6817 0.0000 0.6771
Car -1 -1 0.2356 419.5900 203.9872 446.5678 238.1734 0.6687 0.9576 0.3440 3.7136 -0.6876 -15.4670 0.0000 0.9550
Car -1 -1 0.1873 464.6999 136.7659 484.5759 156.1860 0.5172 1.1989 0.3500 -3.9490 -0.4950 20.8402 0.0000 0.5811
Car -1 -1 0.2149 447.6052 135.7816 460.8371 155.2120 0.4794 0.8842 0.1590 -4.1568 -0.4762 19.0462 0.0000 0.7247
Car -1 -1 -0.0802 660.2458 178.0401 677.1795 191.7468 0.7511 0.6067 0.8907 3.2218 1.0417 40.0699 0.0000 0.7538
Car -1 -1 -0.1726 719.2369 167.9840 756.1762 209.5136 1.2012 0.8817 0.9344 3.7135 1.0607 21.3070 0.0000 0.9939
Car -1 -1 -0.1607 723.2224 172.9969 733.2589 200.1521 0.9353 0.4249 0.2788 4.0616 0.9406 25.0631 0.0000 0.9998
Car -1 -1 0.1074 514.6496 181.8596 551.9927 210.6553 0.9109 0.6945 1.1372 -2.5223 1.2076 23.3874 0.0000 0.9964
Car -1 -1 0.1853 461.8260 185.1001 489.7264 216.2540 0.8368 1.7284 0.4886 -3.9226 1.2069 20.9206 0.0000 0.7904
Car -1 -1 -0.1372 698.5577 139.9844 717.5603 157.7596 0.8598 0.5744 0.8612 -4.9265 1.6126 -35.6802 0.0000 0.7093
Car -1 -1 0.1355 495.1777 132.2992 522.8030 165.6714 1.0789 1.3230 0.7449 3.3107 1.3275 -24.2757 0.0000 0.9802
Car -1 -1 0.1512 479.9315 119.2082 514.3416 147.8713 0.7562 0.8622 0.8299 3.0801 1.4716 -20.2214 0.0000 0.9633
Car -1 -1 -1.1483 1241.0000 231.8868 1241.0000 362.8144 0.3214 2.3074 1.0401 -8.8254 -0.4185 -3.9681 0.0000 0.6300
Car -1 -1 -0.7806 1241.0000 0.0000 1241.0000 27.7227 0.3230 0.3381 0.3100 -3.5160 1.0708 -3.5498 0.0000 0.9314
Car -1 -1 -0.9851 1241.0000 234.7672 1241.0000 262.0327 0.1308 0.9438 0.2497 -9.1659 -0.5616 -6.0797 0.0000 0.7143
Car -1 -1 -0.8541 1241.0000 220.7422 1241.0000 253.3559 0.2530 1.1619 0.1793 -9.0527 -0.5615 -7.8871 0.0000 0.4172
Car -1 -1 -0.3549 836.8690 123.1542 932.7892 136.2514 0.0908 1.5724 0.7539 3.7730 -0.5561 10.1809 0.0000 0.5914
