Car -1 -1 0.2237 433.9122 111.4847 460.9341 180.3021 1.8596 0.5693 0.6129 -4.4998 0.2016 19.7798 0.0000 0.9999
Car -1 -1 -0.9870 1241.0000 158.7322 1241.0000 312.7432 2.2270 1.8451 1.6811 -17.1947 0.2046 -11.3586 0.0000 0.9999
Car -1 -1 -1.0670 1241.0000 49.4730 1241.0000 183.3898 0.9340 1.9331 1.4180 -10.8878 0.8609 -6.0015 0.0000 0.4344
Car -1 -1 -0.6465 1127.2628 121.6535 1176.4235 154.0704 0.6101 0.7482 0.4180 -10.8607 0.9948 -14.3908 0.0000 0.8900
Car -1 -1 -0.5818 1056.8328 132.6686 1107.9918 163.7372 0.7281 0.8444 0.6930 -11.5653 0.9559 -17.5820 0.0000 0.6406
Car -1 -1 0.3426 337.8005 143.5233 360.7726 162.4008 0.4044 0.4742 0.3370 5.6927 0.6394 -15.9608 0.0000 0.9895
Car -1 -1 -0.1950 739.4836 200.6282 771.1281 214.5466 0.2527 0.8392 0.4969 3.0003 0.8541 15.1925 0.0000 0.6492
Car -1 -1 0.5323 162.4105 132.9191 198.3161 158.7230 0.3937 0.3510 0.3573 6.7023 0.6202 -11.3781 0.0000 0.9732
Car -1 -1 -1.0031 1241.0000 152.8511 1241.0000 322.6964 0.6332 2.0609 0.7581 5.8287 0.5590 3.7175 0.0000 0.4721
Car -1 -1 1.4293 0.0000 374.0000 0.0000 374.0000 0.0238 0.9789 0.2940 -15.9677 1.3089 2.2738 0.0000 0.5889
Car -1 -1 -1.4672 1241.0000 0.0000 1241.0000 0.0000 0.0485 1.7549 0.4684 -16.0971 1.2723 -1.6741 0.0000 0.6638
Car -1 -1 -1.3828 1241.0000 0.0000 1241.0000 0.0000 0.0372 0.8720 0.3876 -15.8511 1.2475 -3.0154 0.0000 0.7181
Car -1 -1 -1.3175 1241.0000 0.0000 1241.0000 0.0000 0.0640 1.2141 0.7763 -15.8446 1.2546 -4.1014 0.0000 0.7307
Car -1 -1 -1.2411 1241.0000 0.0000 1241.0000 23.2537 0.0296 1.0049 0.4586 -15.2661 1.2166 -5.2238 0.0000 0.7547
Car -1 -1 -0.9810 1241.0000 64.5346 1241.0000 81.6354 0.0279 1.3503 0.4859 -13.5366 1.2586 -9.0594 0.0000 0.7695
Car -1 -1 -0.9072 1241.0000 78.8504 1241.0000 87.8220 0.0149 0.9073 0.4799 -13.1135 1.2768 -10.2542 0.0000 0.7448
Car -1 -1 -0.9636 1241.0000 43.9664 1241.0000 87.4418 0.1172 2.6504 1.3343 -12.2052 1.2778 -8.4794 0.0000 0.7778
Car -1 -1 -0.8839 1241.0000 75.7505 1241.0000 85.5010 0.0323 0.8193 0.5418 -12.3681 1.3099 -10.1428 0.0000 0.6333
Car -1 -1 -1.0459 1241.0000 24.0630 1241.0000 50.3769 0.0717 0.9303 0.7781 -11.6806 1.2988 -6.7644 0.0000 0.6038
Car -1 -1 -0.3314 830.6787 169.9451 880.8367 263.0414 2.1020 0.6825 0.9233 -5.7231 0.0660 -16.6350 0.0000 0.9997
Car -1 -1 0.2965 366.9071 187.6279 405.9345 251.8266 1.5778 0.5110 0.8213 5.5328 -0.3756 -18.1094 0.0000 0.9999
Car -1 -1 1.3266 0.0000 292.8716 0.0000 374.0000 0.6176 1.4532 0.7441 18.5791 -0.8900 -4.6289 0.0000 0.5802
Car -1 -1 -1.4137 1241.0000 0.0000 1241.0000 100.5477 1.6369 0.4682 0.3637 20.5736 -0.3500 3.2591 0.0000 0.9995
Car -1 -1 -0.7429 1184.9854 69.2643 1241.0000 169.4896 1.6412 1.1841 2.1800 11.4290 -0.0604 12.4446 0.0000 0.4645
Car -1 -1 -0.6527 1076.0935 61.5648 1241.0000 173.8084 1.6055 2.5671 1.1907 8.8684 0.0140 11.6014 0.0000 0.4280
Car -1 -1 -0.5386 1005.8237 89.1113 1084.0637 173.1023 1.6471 1.0366 0.9650 8.7628 0.0052 14.6650 0.0000 0.9935
Car -1 -1 -0.4445 943.8610 118.3285 968.1173 155.1189 0.8286 1.0500 0.0769 8.2291 -0.4373 17.2798 0.0000 0.9616
Car -1 -1 -0.3871 893.5931 106.4856 918.8995 171.7734 1.7587 1.2349 0.1963 8.1838 -0.0306 20.0721 0.0000 0.9998
Car -1 -1 -0.3496 805.9931 53.2185 961.0486 192.8789 1.5151 1.2899 1.3309 3.0877 0.2176 8.4695 0.0000 0.9986
Car -1 -1 0.1688 481.1180 129.8078 495.2644 166.2712 1.2142 0.9411 0.3253 -4.2043 -0.2290 24.6637 0.0000 0.9995
Car -1 -1 0.3194 332.1287 108.5778 410.7039 182.6245 1.9877 1.7709 1.6212 -6.6964 0.2626 20.2512 0.0000 0.9946
Car -1 -1 1.3674 0.0000 0.0000 0.0000 138.1193 1.2156 0.5420 0.3920 -28.4259 -0.2950 5.8622 0.0000 0.9999
Car -1 -1 1.3922 0.0000 0.0000 0.0000 137.8993 1.4105 0.6315 0.2875 -33.0326 -0.3040 5.9637 0.0000 0.9999
Car -1 -1 -1.5318 1241.0000 366.9356 1241.0000 374.0000 1.0992 0.6180 0.3042 -26.0671 -0.3557 -1.0174 0.0000 0.9992
Car -1 -1 1.2942 0.0000 0.0000 0.0000 226.6521 1.9455 1.0781 1.2545 -16.7440 0.3147 4.7527 0.0000 0.9984
Car -1 -1 1.4138 0.0000 216.1813 0.0000 374.0000 1.5155 2.1302 0.7747 17.9198 -0.2338 -2.8370 0.0000 0.9212
Car -1 -1 -0.6577 1128.1499 97.6176 1213.3068 170.8948 1.4310 0.6181 1.2207 11.1340 -0.0396 14.4135 0.0000 0.9954
Car -1 -1 -0.5152 896.8253 0.0000 1187.4144 214.7528 1.4018 1.1676 1.4261 2.9875 0.2730 5.2764 0.0000 0.9978
Car -1 -1 0.1875 452.7206 114.3241 494.8739 178.5997 1.9434 1.6749 1.0083 -4.2977 0.1741 22.6505 0.0000 0.9997
Car -1 -1 0.3123 371.0731 139.5671 385.1967 158.6024 0.6781 0.7813 0.2716 -8.6125 -0.5343 26.6747 0.0000 0.9994
Car -1 -1 0.8750 0.0000 188.5874 0.0000 274.2741 1.6776 2.4196 1.6614 18.8999 -0.3701 -15.7835 0.0000 0.7553
Car -1 -1 1.1684 0.0000 121.0980 0.0000 158.8853 0.6421 0.6499 0.5571 -30.1220 -0.2542 12.8223 0.0000 0.4964
Car -1 -1 1.3494 0.0000 23.1472 0.0000 145.5029 0.8753 0.3333 0.4468 -23.9895 -0.2108 5.4000 0.0000 0.9998
Car -1 -1 0.9415 0.0000 204.9750 0.0000 245.2238 0.6788 1.1498 0.2105 18.7681 -0.6334 -13.6649 0.0000 0.7918
Car -1 -1 -0.2747 749.9187 104.0924 900.2515 191.8748 1.3626 2.9735 1.7551 3.5749 0.2956 12.6842 0.0000 0.6030
Car -1 -1 -0.2222 746.9327 131.7198 805.6123 174.5404 0.8817 0.9150 1.0340 3.4598 0.0351 15.3108 0.0000 0.6541
Car -1 -1 0.2798 389.5238 144.0599 417.6030 172.1957 1.1099 0.7303 0.9141 -8.2880 -0.0263 28.8426 0.0000 0.9872
Car -1 -1 0.4478 248.6557 71.8633 285.2832 196.5564 1.6347 0.5290 0.2424 -4.6700 0.3111 9.7210 0.0000 0.9997
Car -1 -1 -0.7372 1233.2567 170.1090 1241.0000 199.6046 1.0489 1.8819 0.5751 -24.1542 0.0980 -26.6031 0.0000 0.8487
Car -1 -1 -0.5318 1021.9636 172.7217 1043.6041 218.0177 1.8905 0.5918 0.5650 -17.8933 0.0059 -30.4138 0.0000 0.9999
Car -1 -1 -1.1262 1241.0000 35.7977 1241.0000 153.7852 1.0670 0.3670 0.7562 14.2012 -0.1834 6.7651 0.0000 0.9966
Car -1 -1 0.2511 418.4907 165.7483 433.6628 178.8646 0.4791 0.3828 0.4609 -6.8084 0.2199 26.5435 0.0000 0.5238
Car -1 -1 -0.8394 1241.0000 168.6778 1241.0000 200.8755 0.9412 0.7348 0.6698 -23.9160 0.1224 -21.4632 0.0000 0.8382
Car -1 -1 0.4107 287.1165 189.3498 300.2185 208.9272 0.7286 0.5880 0.2445 12.0391 -0.6383 -27.6445 0.0000 0.9995
Car -1 -1 1.2573 0.0000 146.9915 0.0000 366.3082 1.1098 0.1894 0.3770 11.5642 0.1312 -3.7487 0.0000 0.9999
Car -1 -1 -0.1861 738.5245 146.9098 757.0502 174.4797 0.7202 0.7036 0.3582 3.6138 0.0428 19.1970 0.0000 0.9943
Car -1 -1 -0.6776 1174.7888 175.9267 1203.1782 192.1699 0.6673 0.7235 0.6049 -24.2560 -0.1295 -30.1422 0.0000 0.9854
Car -1 -1 0.6245 69.3497 184.3887 104.5508 206.4092 0.5555 0.3186 0.6732 13.3565 -0.2984 -18.5313 0.0000 0.5021
Car -1 -1 0.8092 0.0000 179.1860 0.0000 218.0566 0.9278 0.1459 0.5500 18.1674 -0.1523 -17.3214 0.0000 0.9994
Car -1 -1 -0.1133 679.7231 145.8482 709.4891 192.4441 1.0922 1.1647 0.5845 1.9903 0.4596 17.4930 0.0000 0.9990
Car -1 -1 1.1282 0.0000 131.7047 0.0000 226.3659 1.2890 0.3945 0.1954 -21.1411 0.7290 10.0199 0.0000 0.9999
Car -1 -1 0.2450 416.0738 167.2801 439.0917 190.1295 0.9461 0.8087 0.7620 7.5704 0.2311 -30.2824 0.0000 0.7663
Car -1 -1 -0.7169 1204.5864 128.8989 1241.0000 216.7211 1.2529 0.7126 0.2965 -9.2848 0.6274 -10.6530 0.0000 0.9999
Car -1 -1 -0.3055 807.6562 144.7106 863.7734 207.9564 1.1985 1.5864 0.6278 -4.5631 0.5337 -14.4685 0.0000 0.9978
Car -1 -1 -0.2264 756.9000 150.1593 790.9109 199.7114 1.1442 1.1902 0.5423 -3.9763 0.5244 -17.2589 0.0000 0.9997
Car -1 -1 0.2113 443.0243 159.5564 461.6724 194.9839 0.9274 0.5583 0.3737 4.1127 0.3485 -19.1699 0.0000 0.9997
Car -1 -1 -1.3838 1241.0000 81.3380 1241.0000 374.0000 2.0213 2.1729 1.2032 -17.2939 0.2772 -3.2717 0.0000 0.9999
Car -1 -1 -1.0402 1241.0000 65.2810 1241.0000 234.0122 0.9360 0.6112 0.6155 7.3386 0.3396 4.3053 0.0000 0.9998
Car -1 -1 -0.8028 1241.0000 141.0440 1241.0000 179.9173 1.0428 1.4542 0.9639 -20.7988 0.8537 -20.0859 0.0000 0.5159
Car -1 -1 -0.6176 1083.5762 130.4213 1154.6005 212.9826 1.1529 0.5927 0.6024 -7.3697 0.5929 -10.3748 0.0000 0.9997
Car -1 -1 0.3764 299.8663 148.4415 356.4950 225.6709 0.9655 0.6171 0.4915 -3.6858 0.6607 9.3262 0.0000 0.9996
Car -1 -1 -0.2924 815.3883 153.9506 833.6012 193.5650 0.9712 0.3675 0.3417 -5.3819 0.4638 -17.8767 0.0000 0.9999
Car -1 -1 -0.1151 683.3787 160.2812 699.8692 181.6218 0.8946 0.6015 0.6297 -3.5307 0.5274 -30.5495 0.0000 0.9999
Car -1 -1 0.3320 349.8401 158.3330 367.7546 176.9225 0.5811 0.2266 0.4840 7.8165 0.4543 -22.6701 0.0000 0.9804
Car -1 -1 -0.9805 1241.0000 224.3422 1241.0000 261.2863 0.2691 1.2317 0.6087 -11.3284 -0.5850 -7.5902 0.0000 0.5370
Car -1 -1 0.4054 280.5061 157.4721 314.2334 181.4568 0.6205 0.4764 0.6776 8.1148 0.3983 -18.9090 0.0000 0.9903
Car -1 -1 -0.8788 1241.0000 133.3028 1241.0000 169.4768 0.9423 1.1522 0.5148 -23.5084 1.0365 -19.4813 0.0000 0.9198
Car -1 -1 -0.5348 1011.7470 137.5343 1058.0967 173.2839 0.8355 0.5633 0.7692 -10.1576 0.8258 -17.1469 0.0000 0.9764
Car -1 -1 0.6260 58.8836 157.0433 109.1047 184.8618 0.5639 1.1195 0.2415 10.9814 0.3208 -15.1878 0.0000 0.9369
Car -1 -1 -0.7925 1238.7517 106.9413 1241.0000 180.8733 0.9407 1.9229 1.0940 -10.2895 0.8390 -10.1450 0.0000 0.4531
Car -1 -1 -0.8249 1241.0000 129.2160 1241.0000 168.9993 0.9491 0.6548 0.6595 -19.0567 1.0453 -17.6073 0.0000 0.9429
Car -1 -1 -0.4750 965.9522 146.1886 992.4214 171.0022 0.8075 1.0014 0.3695 -12.3740 0.8709 -24.0587 0.0000 0.9940
