Car -1 -1 0.3887 301.2875 111.9060 330.2488 184.0065 2.3345 0.4827 0.7509 -9.6659 0.3615 23.6012 0.0000 0.9999
Car -1 -1 -0.4068 892.3510 165.2631 946.3807 262.2130 2.9942 1.2970 1.1603 -9.8819 0.2348 -22.9349 0.0000 1.0000
Car -1 -1 0.3901 284.8872 181.6259 334.0435 267.6623 1.7416 0.5860 0.7754 6.1515 -0.1851 -14.9612 0.0000 0.9992
Car -1 -1 1.5531 0.0000 374.0000 0.0000 374.0000 1.0083 0.6572 0.4074 20.9305 -0.7108 -0.3712 0.0000 0.9995
Car -1 -1 -1.4284 1241.0000 0.0000 1241.0000 0.0000 0.3943 1.0358 0.7772 11.9286 -0.6147 1.7098 0.0000 0.5577
Car -1 -1 -1.3660 1241.0000 0.0000 1241.0000 37.1808 0.5311 0.8718 0.5306 14.4501 -0.6465 3.0017 0.0000 0.7481
Car -1 -1 -1.2410 1241.0000 0.0000 1241.0000 94.9448 0.6429 0.8071 0.4719 12.3392 -0.4996 4.2235 0.0000 0.6412
Car -1 -1 -0.5309 1002.4421 111.4362 1069.6120 160.4769 1.3134 0.9231 1.3179 11.7505 -0.3509 20.0155 0.0000 0.6054
Car -1 -1 -0.3882 884.8591 104.1359 930.9415 169.1277 1.3711 0.7773 0.6785 6.4009 -0.0825 15.6526 0.0000 0.9989
Car -1 -1 -0.2059 749.9911 128.6729 773.4720 164.9492 1.5168 0.5435 0.8799 6.3806 -0.3374 30.5563 0.0000 0.9997
Car -1 -1 -0.6929 1158.8344 184.6320 1241.0000 251.0939 1.6794 2.0275 1.0447 -16.2790 -0.3362 -19.6085 0.0000 0.9921
Car -1 -1 0.2026 449.1906 184.8771 470.3777 243.2958 2.3616 0.4787 0.7671 6.0615 -0.4953 -29.5090 0.0000 0.9998
Car -1 -1 -1.3351 1241.0000 0.0000 1241.0000 100.6119 1.0257 0.1510 0.3049 12.6371 -0.3114 3.0354 0.0000 0.9998
Car -1 -1 -0.6772 1170.9887 118.9441 1212.9469 150.1279 1.0604 1.6056 0.2456 21.3147 -0.8599 26.5068 0.0000 0.9915
Car -1 -1 0.2827 392.6786 122.9955 409.8394 178.3801 2.5080 0.4444 0.6541 -9.5537 0.2506 32.8926 0.0000 0.9999
Car -1 -1 0.5445 154.1737 122.4485 193.1912 174.8028 2.0869 1.4362 0.7266 -17.8491 0.0780 29.4772 0.0000 0.9998
Car -1 -1 -0.2496 784.8876 201.7350 799.8800 215.7484 0.7290 0.2546 0.7289 -9.7343 -1.5332 -38.1892 0.0000 0.8871
Car -1 -1 1.1033 0.0000 0.0000 0.0000 262.4885 2.0895 0.8624 0.9155 -9.5914 0.5486 4.8420 0.0000 0.9999
Car -1 -1 1.3328 0.0000 283.5784 0.0000 367.1334 0.7682 0.3781 0.8423 30.2044 -1.1526 -7.3270 0.0000 0.9347
Car -1 -1 0.7523 0.0000 146.9691 0.0000 176.6663 0.7898 0.6383 0.3104 -18.2545 0.1017 19.5059 0.0000 0.9979
Car -1 -1 -0.4530 936.9862 146.9504 988.9164 166.9638 0.7526 1.5664 1.2752 13.8107 -0.2377 28.3750 0.0000 0.4654
Car -1 -1 0.4207 277.3333 156.5549 298.5210 175.0950 0.8845 0.3477 0.8610 -15.4797 0.1073 34.5953 0.0000 0.9865
Car -1 -1 0.8869 0.0000 154.8999 0.0000 182.5884 0.8248 0.1347 0.7410 -26.4443 0.2903 21.5574 0.0000 0.8323
Car -1 -1 0.9493 0.0000 139.6906 0.0000 185.6056 1.3625 0.6768 0.8000 -30.3675 0.3787 21.7465 0.0000 0.9993
Car -1 -1 -0.7141 1206.4124 174.4412 1241.0000 220.9200 1.4188 0.9077 0.9119 -19.5120 -0.0502 -22.5135 0.0000 0.9991
Car -1 -1 1.1495 0.0000 40.1659 0.0000 181.3597 1.7644 1.6130 1.2261 -21.9152 0.1067 9.8205 0.0000 0.8872
Car -1 -1 1.0050 0.0000 166.9356 0.0000 190.8005 0.7104 0.6625 0.5125 -34.3370 0.5346 21.8074 0.0000 0.8718
Car -1 -1 0.9014 0.0000 145.2678 0.0000 208.6532 1.8871 0.3557 1.4888 -27.3680 1.0662 21.6566 0.0000 0.9987
Car -1 -1 0.9267 0.0000 168.1245 0.0000 198.0274 0.8858 0.1741 0.8139 -28.5770 0.7461 21.4585 0.0000 0.9761
Car -1 -1 -1.0946 1241.0000 144.6839 1241.0000 226.3173 0.9676 1.4909 0.6231 -18.0309 0.3343 -9.3006 0.0000 0.9553
Car -1 -1 -0.7796 1241.0000 160.0154 1241.0000 191.4819 0.8094 0.5426 0.2469 -18.6166 0.3306 -18.8331 0.0000 0.9993
Car -1 -1 -0.2535 786.4513 157.5063 804.3983 189.2950 1.6700 0.6172 0.7915 -9.8997 0.8066 -38.2163 0.0000 0.9997
Car -1 -1 1.3271 0.0000 178.8960 0.0000 289.1482 0.4716 0.1496 0.2665 12.7568 -0.0268 -3.1721 0.0000 0.9978
Car -1 -1 0.4394 263.7884 176.5525 279.7277 201.3259 1.0607 0.5224 0.4453 -14.6786 1.2224 31.2288 0.0000 0.9977
Car -1 -1 0.4866 216.1155 192.9634 242.4323 204.3174 0.4108 0.7629 0.6132 -14.7243 1.1976 27.8341 0.0000 0.4220
Car -1 -1 0.9308 0.0000 201.6784 0.0000 224.2556 0.6660 0.1121 0.7915 -28.8484 1.5268 21.4806 0.0000 0.7878
Car -1 -1 -1.3535 1241.0000 0.0000 1241.0000 166.0468 0.6873 1.1371 0.1262 -16.0921 0.7265 -3.5529 0.0000 0.4399
Car -1 -1 -1.2938 1241.0000 58.0005 1241.0000 162.7735 0.6156 0.6090 0.3449 -16.1966 0.6845 -4.6051 0.0000 0.3818
Car -1 -1 -0.4928 980.0908 136.9477 1011.7049 166.9323 1.1184 1.3358 0.5048 -14.9543 1.3528 -27.8475 0.0000 0.9942
Car -1 -1 -0.4599 952.8359 142.7442 978.7138 161.8810 0.7826 0.9733 0.6152 -15.1338 1.2549 -30.5537 0.0000 0.4022
Car -1 -1 -0.5096 1000.4993 132.1692 1022.2792 152.8327 0.7125 1.0528 0.2114 -14.7696 1.4608 -26.4303 0.0000 0.9842
Car -1 -1 1.1469 0.0000 285.1347 0.0000 319.1750 0.3963 1.1431 0.5876 -28.2270 2.4684 12.7390 0.0000 0.4577
Car -1 -1 -0.8693 1241.0000 127.6860 1241.0000 348.1655 2.3471 0.8651 0.7764 -9.6066 0.4812 -8.1164 0.0000 0.9999
Car -1 -1 -0.6442 1121.7844 203.5639 1178.4818 226.9373 0.6286 0.9813 0.9295 -15.9120 -0.9222 -21.1874 0.0000 0.3946
