Car -1 -1 0.9822 0.0000 78.0585 0.0000 155.9985 0.7264 0.6178 0.5897 -10.7342 -0.1743 7.1648 0.0000 0.9936
Car -1 -1 0.8146 0.0000 238.4294 0.0000 262.0499 0.1549 1.0737 0.3255 8.7488 -0.7982 -8.2524 0.0000 0.5132
Car -1 -1 0.9113 0.0000 204.4283 0.0000 306.7306 1.1294 0.3681 0.4429 10.6629 -0.3693 -8.2661 0.0000 0.9990
Car -1 -1 -1.5252 1241.0000 0.0000 1241.0000 0.0000 0.3320 1.0627 0.6964 28.4172 -1.3721 1.2979 0.0000 0.5224
Car -1 -1 -1.0757 1241.0000 0.0000 1241.0000 171.4465 1.6690 0.7439 1.0355 12.5795 -0.0136 6.7929 0.0000 0.9996
Car -1 -1 -1.0791 1241.0000 0.0000 1241.0000 240.2569 1.5709 0.6954 0.7141 5.5774 0.2471 2.9868 0.0000 0.9999
Car -1 -1 -0.5810 1056.3365 111.1491 1119.0155 143.8823 0.4870 0.4579 0.6842 7.4634 -0.4653 11.3659 0.0000 0.5210
Car -1 -1 -0.3821 870.1616 122.7268 936.2522 153.6608 0.6864 1.3921 1.0428 7.0586 -0.4855 17.5668 0.0000 0.4822
Car -1 -1 0.2882 376.4058 120.7630 418.5082 172.2929 1.4488 0.6834 1.0032 -6.1161 -0.0160 20.6336 0.0000 0.9998
Car -1 -1 0.6084 79.9387 124.0501 135.0592 169.2433 1.5593 2.2944 0.4070 -18.2645 -0.1366 26.2231 0.0000 0.9817
Car -1 -1 0.7406 0.0000 127.2762 0.0000 162.4591 1.0786 0.0935 0.8769 -20.2880 -0.3201 22.1910 0.0000 0.9986
Car -1 -1 -0.2204 755.7083 196.5515 784.2669 222.8950 1.2118 0.2134 1.2780 -7.5036 -1.1030 -33.4911 0.0000 0.9358
Car -1 -1 0.2012 454.5386 143.6809 472.8287 165.8705 0.9421 0.6601 0.6567 -6.3576 -0.3045 31.1683 0.0000 0.9812
Car -1 -1 0.2346 426.8716 132.5927 450.4787 164.7355 1.1343 0.6318 0.6990 -6.1976 -0.2950 25.9351 0.0000 0.9995
Car -1 -1 -1.4235 1241.0000 0.0000 1241.0000 0.0000 0.6652 0.6518 0.6521 27.4619 -1.1402 4.0743 0.0000 0.9590
Car -1 -1 0.8020 0.0000 137.6153 0.0000 163.1794 0.7825 0.0646 0.6600 -22.8886 -0.2970 22.1390 0.0000 0.9890
Car -1 -1 0.8566 0.0000 135.8807 0.0000 163.0963 0.8317 0.0635 0.7336 -25.4987 -0.2990 22.1029 0.0000 0.9933
Car -1 -1 1.1838 0.0000 27.3951 0.0000 180.5419 1.4707 0.1643 0.3321 -17.1950 0.0742 7.0083 0.0000 0.9999
Car -1 -1 -0.5789 1047.3235 176.4217 1115.0033 243.4225 2.0703 2.4638 0.6088 -15.4655 -0.1227 -23.6612 0.0000 0.9869
Car -1 -1 -0.3570 865.7368 198.7501 888.8216 212.6542 0.5258 0.4434 0.7419 -10.5682 -1.0244 -28.3337 0.0000 0.4945
Car -1 -1 -0.6097 1097.0190 132.9384 1133.6736 160.6792 0.9709 0.4194 1.0089 17.9136 -0.4359 25.6451 0.0000 0.9874
Car -1 -1 -0.2041 755.9203 91.6293 769.2951 179.8635 1.4446 0.5070 0.1161 2.4973 0.1151 12.0640 0.0000 0.9998
Car -1 -1 0.4543 242.0427 193.7415 268.1057 217.5731 0.7116 0.2549 0.6657 10.6957 -0.6372 -21.8998 0.0000 0.9743
Car -1 -1 -0.5377 1031.4905 173.9653 1045.0341 219.5427 1.5900 0.5784 0.1345 -15.1933 -0.0393 -25.4780 0.0000 0.9999
Car -1 -1 0.4065 276.1358 191.2306 316.0147 221.2133 0.7514 1.1396 0.5744 8.3316 -0.5070 -19.3534 0.0000 0.3544
Car -1 -1 0.6630 36.2529 149.6725 60.2256 183.3970 0.9003 0.3300 0.3887 -15.1697 0.2818 19.4234 0.0000 0.9998
Car -1 -1 0.2132 443.6366 159.5160 456.7458 267.1959 2.1077 0.4867 0.1535 3.1112 0.2614 -14.3696 0.0000 0.9999
Car -1 -1 0.3551 331.5205 160.4255 348.6852 220.9614 1.9669 0.3199 0.4421 8.7532 0.4042 -23.6071 0.0000 0.9999
Car -1 -1 0.5131 170.9892 168.9962 229.0714 209.5076 1.0387 0.8403 1.0461 10.6620 0.0993 -18.9230 0.0000 0.7981
Car -1 -1 -0.9440 1241.0000 135.8709 1241.0000 167.3974 0.4209 0.6794 0.3953 13.9307 -0.0785 10.0887 0.0000 0.8675
Car -1 -1 -0.1038 678.6535 167.0609 694.8509 185.2321 0.5407 0.4125 0.4425 2.2568 0.3687 21.6734 0.0000 0.9965
Car -1 -1 -0.4670 960.3022 164.5500 983.7374 189.6094 1.0216 0.2720 0.8231 -14.9023 0.3389 -29.5535 0.0000 0.9987
Car -1 -1 -1.1411 1241.0000 123.3148 1241.0000 203.5749 0.8533 1.1658 0.5194 18.0083 0.3270 8.2513 0.0000 0.5813
Car -1 -1 -1.2712 1241.0000 62.0089 1241.0000 336.5510 1.3601 2.4672 0.6667 -15.5730 0.5495 -4.8109 0.0000 0.7765
Car -1 -1 -0.4461 902.8202 184.6015 1007.3447 253.7586 1.4702 1.8797 1.5043 -7.9401 -0.2852 -16.6008 0.0000 0.5735
Car -1 -1 -1.2018 1241.0000 44.5987 1241.0000 162.1765 0.6989 0.4292 0.3695 -11.7530 0.7697 -4.5455 0.0000 0.9954
Car -1 -1 -1.1515 1241.0000 77.1537 1241.0000 145.6906 0.5159 1.6014 0.4266 -15.4101 0.8049 -6.8691 0.0000 0.5811
Car -1 -1 0.2602 406.6328 146.0635 425.5903 164.7056 0.8612 0.5046 0.7529 9.0005 1.2462 -33.8090 0.0000 0.9996
Car -1 -1 -0.2221 754.2866 132.4127 787.9048 153.8746 0.6055 1.3381 0.7352 -5.0166 1.2077 -22.2129 0.0000 0.6552
Car -1 -1 -0.3054 819.5415 190.3367 850.8852 236.6750 1.3215 0.4991 0.7568 -6.6267 -0.5149 -21.0179 0.0000 0.9983
Car -1 -1 -1.2811 1241.0000 374.0000 1241.0000 374.0000 0.0697 0.1455 0.0856 4.5355 0.9978 1.3521 0.0000 0.6106
