Car -1 -1 -1.3871 1241.0000 0.0000 1241.0000 95.3885 1.2523 0.3399 0.3730 15.5328 -0.3280 2.8856 0.0000 0.9999
Car -1 -1 -0.9318 1241.0000 55.6874 1241.0000 156.0855 1.2707 0.4902 0.4593 12.7274 -0.2252 9.4565 0.0000 0.9999
Car -1 -1 -0.5086 991.9212 81.8856 1040.9539 172.7191 1.3368 0.7265 0.3367 6.1211 -0.0018 10.9802 0.0000 0.9997
Car -1 -1 1.5192 0.0000 374.0000 0.0000 374.0000 0.8781 0.5820 0.1757 28.2771 -1.1207 -1.4607 0.0000 0.9989
Car -1 -1 -1.4093 1241.0000 0.0000 1241.0000 0.0000 0.4540 0.8340 0.4933 38.9831 -1.7459 6.3522 0.0000 0.5654
Car -1 -1 -1.3399 1241.0000 0.0000 1241.0000 81.9034 1.3367 1.7959 0.8287 36.2315 -1.1866 8.5160 0.0000 0.8410
Car -1 -1 -0.9866 1241.0000 89.7806 1241.0000 136.4664 1.2069 1.8910 1.3022 31.8691 -1.1100 21.0694 0.0000 0.5051
Car -1 -1 1.0799 0.0000 108.6540 0.0000 147.4504 0.7397 0.6647 0.4085 -27.1682 -0.5227 14.5217 0.0000 0.9924
Car -1 -1 1.3177 0.0000 0.0000 0.0000 232.7591 2.7101 0.6782 0.4348 -25.4372 0.5186 6.5787 0.0000 0.9999
Car -1 -1 -0.9830 1241.0000 148.3962 1241.0000 317.8307 2.5885 0.7463 0.7762 -17.1059 0.3740 -11.3992 0.0000 0.9997
Car -1 -1 -1.3778 1241.0000 247.3709 1241.0000 374.0000 0.7651 0.5136 0.5032 -20.9654 -0.4490 -4.0967 0.0000 0.9305
Car -1 -1 -0.4610 955.5463 184.3903 976.6337 243.7886 1.6874 0.6306 0.3003 -10.3999 -0.3394 -20.9381 0.0000 0.9999
Car -1 -1 0.7605 0.0000 198.2066 0.0000 265.4058 1.8139 0.5909 0.6864 19.0256 -0.7126 -19.9971 0.0000 1.0000
Car -1 -1 0.7930 0.0000 113.6729 0.0000 188.7636 2.5249 0.3817 0.5999 -24.8243 0.5353 24.4500 0.0000 0.9999
Car -1 -1 0.2822 379.4938 178.5068 418.0002 223.8235 1.8347 0.4697 1.4374 8.5545 -0.2326 -29.5080 0.0000 0.9910
Car -1 -1 -0.2757 802.7457 117.9127 828.8641 168.4553 1.5421 0.6758 0.6181 6.3401 -0.1383 22.4086 0.0000 0.9998
Car -1 -1 -0.0958 667.0598 185.4258 688.5207 207.0313 1.0763 0.6926 1.0259 -3.5247 -0.6450 -36.6976 0.0000 0.6869
Car -1 -1 1.1597 0.0000 187.6533 0.0000 279.0301 0.8747 0.6445 0.4913 16.8301 -0.1567 -7.3359 0.0000 0.9982
Car -1 -1 1.2936 0.0000 166.0634 0.0000 215.3924 0.3433 0.5945 0.2518 18.7013 0.0476 -5.3211 0.0000 0.4365
Car -1 -1 -0.4713 935.9655 153.7820 1012.3926 298.6244 1.8949 0.6288 0.7154 -4.9722 0.2499 -9.7566 0.0000 0.9999
Car -1 -1 1.1441 0.0000 194.4862 0.0000 247.6159 1.0558 0.6788 0.5242 -32.8874 1.5146 14.9510 0.0000 0.9988
Car -1 -1 1.3534 0.0000 216.8887 0.0000 305.1088 0.8358 0.7990 0.7271 -34.5510 1.3265 7.6317 0.0000 0.9759
Car -1 -1 1.3766 0.0000 194.8812 0.0000 336.1518 1.0664 0.4789 0.5557 -29.2757 1.2499 5.7578 0.0000 0.9996
Car -1 -1 1.0748 0.0000 195.3279 0.0000 245.7251 0.9779 0.8519 0.6948 -27.3549 1.4526 14.8031 0.0000 0.9714
Car -1 -1 1.2057 0.0000 203.7021 0.0000 273.2059 1.1235 1.2286 0.8064 -33.5352 1.6983 12.8201 0.0000 0.8270
Car -1 -1 0.0520 550.4840 152.9623 588.7439 171.0900 0.5481 1.0826 1.1313 1.1695 0.6048 -22.4673 0.0000 0.5491
Car -1 -1 -0.8708 1241.0000 114.4910 1241.0000 155.5458 0.8791 0.2106 0.8630 -18.5794 1.2573 -15.6478 0.0000 0.7958
Car -1 -1 -0.9696 1241.0000 99.7035 1241.0000 150.6276 0.9217 2.2661 1.3851 -22.1379 1.4247 -15.1850 0.0000 0.4267
Car -1 -1 1.2716 0.0000 254.8856 0.0000 322.9886 0.6532 0.4195 0.4605 -24.7423 1.5455 7.6329 0.0000 0.9992
Car -1 -1 -1.3409 1241.0000 0.0000 1241.0000 37.3379 0.4742 0.7771 0.4583 -37.9609 2.2154 -8.8834 0.0000 0.8327
Car -1 -1 -0.7956 1241.0000 115.4621 1241.0000 136.5305 0.4850 0.7535 0.2711 -18.6650 1.4248 -18.2882 0.0000 0.8281
Car -1 -1 0.5412 149.9353 184.9245 195.4234 267.2497 1.8293 0.7275 0.6000 9.9211 -0.2818 -16.5060 0.0000 0.9999
Car -1 -1 0.6977 0.0000 122.7406 128.4804 374.0000 1.3559 0.7495 0.7173 2.6716 0.1955 -3.1867 0.0000 0.9996
Car -1 -1 0.9014 0.0000 176.9669 0.0000 360.5479 1.4283 0.5997 1.0619 7.4943 -0.0351 -5.9297 0.0000 0.9999
Car -1 -1 1.0249 0.0000 208.3987 0.0000 310.6461 1.4477 0.2751 0.4170 17.2055 -0.5212 -10.4520 0.0000 0.9997
