Car -1 -1 0.7354 0.0000 208.6302 0.0000 264.5724 1.0098 0.3559 1.1357 12.1518 -0.6744 -13.4332 0.0000 0.8407
Car -1 -1 1.1752 0.0000 210.5068 0.0000 374.0000 1.0158 0.1460 0.3726 7.9146 -0.1758 -3.3051 0.0000 0.9996
Car -1 -1 1.2383 0.0000 255.0047 0.0000 374.0000 0.7673 1.2519 0.5252 14.7069 -0.6488 -5.0781 0.0000 0.8679
Car -1 -1 1.3039 0.0000 250.6423 0.0000 374.0000 0.9085 0.8424 0.8864 11.0238 -0.3698 -3.0147 0.0000 0.6570
Car -1 -1 1.4716 0.0000 334.0020 0.0000 374.0000 0.7193 2.9742 1.2246 16.0111 -0.6870 -1.5932 0.0000 0.5966
Car -1 -1 -1.3681 1241.0000 0.0000 1241.0000 63.1748 0.8096 0.6757 0.3593 14.1355 -0.4929 2.9044 0.0000 0.9995
Car -1 -1 1.1238 0.0000 77.4993 0.0000 125.1758 0.3108 0.5607 0.2370 -11.5602 -0.3845 5.5419 0.0000 0.6147
Car -1 -1 -0.4537 947.8690 195.3045 971.8182 230.7101 1.0542 1.1936 0.1786 -11.1369 -0.7288 -22.8404 0.0000 0.9982
Car -1 -1 -0.4233 917.1020 202.0243 949.3249 223.3238 0.6622 1.0567 0.6161 -10.9973 -1.0078 -24.4124 0.0000 0.3799
Car -1 -1 -0.1765 721.3757 187.5317 753.0627 214.6374 1.3919 0.4697 1.5655 -6.6966 -0.7681 -37.5429 0.0000 0.8819
Car -1 -1 0.1968 446.8290 198.4980 480.9916 221.0042 0.8158 0.7273 1.1479 5.4514 -0.9844 -27.3479 0.0000 0.5326
Car -1 -1 -0.2999 812.6937 189.0331 850.9274 213.2019 1.1133 1.2988 1.4416 -10.7484 -0.7935 -34.7590 0.0000 0.8556
Car -1 -1 -1.2397 1241.0000 251.2635 1241.0000 343.5349 0.2879 1.0529 0.4756 -10.6920 -0.4559 -3.6752 0.0000 0.5492
Car -1 -1 0.2181 441.2387 126.6738 461.0754 196.7147 2.2075 1.5169 0.3130 -5.2083 0.7524 23.4967 0.0000 0.9999
Car -1 -1 1.2428 0.0000 221.4830 0.0000 293.7336 0.3550 0.9320 0.4632 13.6389 -0.3437 -4.6416 0.0000 0.5536
Car -1 -1 -0.4134 914.4980 178.5937 934.8123 208.0380 1.0182 1.0690 0.2565 -11.2725 -0.2083 -25.6958 0.0000 0.9998
Car -1 -1 -0.1783 734.2160 128.6508 749.7891 185.0323 1.4697 1.1257 0.2115 3.4899 0.3178 19.3691 0.0000 0.9998
Car -1 -1 0.2033 454.5680 146.6715 470.2124 196.2376 1.6697 1.0866 0.3172 -5.1225 0.7881 24.8471 0.0000 0.9997
Car -1 -1 -0.5988 972.6397 114.1850 1241.0000 238.8926 1.6615 2.3469 2.5675 -7.3620 0.7820 -10.7895 0.0000 0.6585
Car -1 -1 -0.3040 819.0025 159.8798 850.7343 196.8362 1.6205 0.9591 1.1130 -10.0789 0.5693 -32.1219 0.0000 0.9922
Car -1 -1 -0.5954 1058.9753 134.6456 1152.3592 186.6477 0.5242 0.6021 0.5662 5.1284 0.1394 7.5713 0.0000 0.9938
Car -1 -1 -0.1481 709.3169 167.4599 729.2129 195.1629 0.8889 1.1912 0.4737 3.5426 0.7162 23.7448 0.0000 0.9701
Car -1 -1 0.1557 488.6966 182.7040 506.5542 206.0177 0.9231 0.9914 0.5759 -4.6274 1.3327 29.4799 0.0000 0.9763
Car -1 -1 -0.3761 861.6782 135.0682 924.3681 172.1807 0.8820 1.0037 1.1407 -6.9791 0.8993 -17.6707 0.0000 0.8254
Car -1 -1 -0.3476 837.0765 174.6776 903.9988 250.9276 2.7970 1.8071 1.8890 -9.9335 -0.0712 -27.4166 0.0000 0.9986
