Car -1 -1 0.1365 491.9850 127.4703 532.1109 160.8468 0.7973 1.4193 0.8345 -2.5342 -0.3186 18.4526 0.0000 0.6856
Car -1 -1 -0.2610 786.2241 178.2254 815.5518 248.9430 2.2062 1.3914 0.5786 -6.2271 -0.1784 -23.3141 0.0000 0.9998
Car -1 -1 -0.2235 746.4206 128.4013 805.5282 175.9852 1.4954 0.8513 1.6961 5.2508 0.0988 23.0984 0.0000 0.5880
Car -1 -1 -0.2049 724.8032 177.3836 793.2029 236.5025 2.0837 1.7562 2.1430 -5.4952 -0.1712 -26.4463 0.0000 0.9910
Car -1 -1 0.2194 422.6389 160.9961 468.5210 224.8655 1.5320 1.0131 0.9025 3.9725 0.2848 -17.8168 0.0000 0.9944
Car -1 -1 0.1679 467.1740 160.7524 502.6774 209.7682 1.5004 1.0969 0.9243 3.8364 0.3708 -22.6376 0.0000 0.9954
Car -1 -1 0.1899 453.4809 154.6248 482.7202 199.4639 1.1695 1.3784 0.5203 3.7508 0.4758 -19.5108 0.0000 0.9869
Car -1 -1 0.2101 444.4048 152.1363 461.0966 205.9668 1.1981 1.2272 0.1190 3.5565 0.4615 -16.6757 0.0000 0.9979
Car -1 -1 -1.2255 1241.0000 173.3798 1241.0000 226.9553 0.8634 1.2764 1.1822 34.1242 0.8731 12.2756 0.0000 0.5242
Car -1 -1 0.1381 498.0886 152.7415 516.7882 170.3007 0.6140 0.7545 0.5597 3.5748 0.7066 -25.7182 0.0000 0.8066
Car -1 -1 0.7196 0.0000 137.5285 19.4898 216.3045 0.8023 0.6177 0.5175 6.7136 0.3601 -7.6600 0.0000 0.9847
Car -1 -1 -0.3010 822.1437 137.7036 839.6236 153.5864 0.3159 0.5002 0.2150 -4.7224 0.7291 -15.2128 0.0000 0.5563
Car -1 -1 -1.3632 1241.0000 359.4263 1241.0000 374.0000 0.7820 0.8526 0.4145 40.8983 3.1213 8.6165 0.0000 0.9964
Car -1 -1 -0.3538 839.4756 176.5700 909.7361 263.9144 1.6517 1.2577 0.9331 -5.2921 -0.0767 -14.3300 0.0000 0.9992
Car -1 -1 -1.2835 1241.0000 274.7857 1241.0000 374.0000 0.4157 1.1456 0.5442 8.7061 0.8608 2.5726 0.0000 0.4148
Car -1 -1 -1.2329 1241.0000 313.9986 1241.0000 374.0000 1.0473 1.8421 1.2506 23.7178 2.8586 8.3340 0.0000 0.5123
Car -1 -1 -1.3559 1241.0000 374.0000 1241.0000 374.0000 1.0146 0.9476 1.1053 38.7984 4.2994 8.4678 0.0000 0.9209
Car -1 -1 -0.3161 828.8095 189.4455 858.4672 242.3583 1.2842 0.9954 0.4302 -5.9935 -0.4324 -18.3246 0.0000 0.9991
Car -1 -1 0.7882 0.0000 163.6392 29.9024 366.7612 1.7205 1.5337 1.6759 6.9200 0.0784 -6.8811 0.0000 0.8881
Car -1 -1 -0.2975 809.4067 177.2949 850.2216 256.1663 2.0695 2.3121 0.4379 -6.1991 -0.1312 -20.2215 0.0000 0.9968
