Car -1 -1 -0.3415 840.3606 183.5223 889.5891 241.0664 1.9667 1.3107 1.2798 -9.0850 -0.3872 -25.5617 0.0000 0.9911
Car -1 -1 0.3326 339.9461 181.8957 375.0596 259.3957 2.1559 1.6777 0.4411 7.2930 -0.2746 -21.1094 0.0000 0.9997
Car -1 -1 0.4938 196.8095 178.3796 237.3947 281.6885 1.8230 0.9492 0.2294 7.1377 -0.1048 -13.2601 0.0000 0.9998
Car -1 -1 0.5161 174.2276 142.6662 209.5244 357.3234 1.6282 0.2249 0.1430 3.1706 0.2293 -5.5881 0.0000 0.9998
Car -1 -1 1.1940 0.0000 241.5147 0.0000 342.2567 1.0652 1.4199 0.5441 23.5246 -0.9528 -9.3095 0.0000 0.8946
Car -1 -1 -1.2393 1241.0000 0.0000 1241.0000 111.4942 1.1575 0.7072 1.2880 22.1560 -0.6786 7.6272 0.0000 0.8480
Car -1 -1 1.0883 0.0000 0.0000 0.0000 197.2160 1.3086 1.3589 1.1025 -9.6168 0.1476 5.0376 0.0000 0.7667
Car -1 -1 -0.7169 1215.3810 33.2509 1241.0000 195.3314 1.7784 0.3491 0.3391 7.0500 0.2470 8.0886 0.0000 0.9999
Car -1 -1 -0.5602 1046.5462 66.4580 1085.7997 188.4018 1.8761 0.4030 0.3598 7.0871 0.2396 11.2995 0.0000 0.9999
Car -1 -1 -0.5301 995.9707 30.0627 1084.3167 202.9232 1.6697 0.6511 0.5047 4.2737 0.2908 7.2924 0.0000 0.9997
Car -1 -1 -0.4566 956.3822 84.8179 977.6196 184.2674 1.9753 0.2440 0.3046 7.0985 0.2271 14.4509 0.0000 0.9999
Car -1 -1 -0.3818 892.1325 95.8474 911.3836 181.8027 2.0817 0.3615 0.3247 7.0875 0.2171 17.6525 0.0000 0.9999
Car -1 -1 0.3014 369.1405 130.6867 403.6526 168.4499 1.5106 1.0510 1.0865 -9.1748 -0.1830 29.5086 0.0000 0.8498
Car -1 -1 0.3376 343.5263 122.6775 371.6159 175.0980 1.9623 1.0142 0.7170 -9.6599 0.0844 27.5141 0.0000 0.9997
Car -1 -1 0.3059 358.9905 182.4032 399.3794 254.0948 2.2386 1.4121 0.8604 7.3994 -0.3190 -23.4272 0.0000 0.9991
Car -1 -1 1.1363 0.0000 6.3690 0.0000 202.2174 1.7035 0.5579 0.8802 -14.1172 0.2558 6.5521 0.0000 0.9995
Car -1 -1 -1.3628 1241.0000 0.0000 1241.0000 145.6794 2.8960 0.8062 1.1206 33.4943 -0.2811 7.0678 0.0000 0.9998
Car -1 -1 -1.2720 1241.0000 0.0000 1241.0000 105.0242 1.2443 0.3699 1.2166 24.2698 -0.7200 7.4752 0.0000 0.8321
Car -1 -1 -0.8193 1241.0000 54.8817 1241.0000 186.8563 2.0274 2.2860 0.8801 13.0823 0.2155 12.2244 0.0000 0.9939
Car -1 -1 -0.4376 928.9055 95.8028 971.3538 178.0082 2.0880 1.3674 0.4730 8.8930 0.1313 19.0075 0.0000 0.9993
Car -1 -1 -0.4039 908.5000 105.9670 931.4444 175.8005 2.2912 1.2996 0.2143 10.3937 0.0970 24.3201 0.0000 1.0000
Car -1 -1 -0.3650 875.8853 112.0800 898.1862 174.3516 2.3376 1.0714 0.4417 10.5542 0.0566 27.6190 0.0000 0.9999
Car -1 -1 -0.3383 850.3105 112.5828 880.0492 174.9097 2.4338 0.9847 0.8327 10.0863 0.0806 28.6654 0.0000 0.9999
Car -1 -1 -0.3290 850.3507 104.3675 865.7062 178.8890 2.1275 0.4046 0.3034 7.1013 0.1727 20.7990 0.0000 0.9999
Car -1 -1 1.0085 0.0000 67.0907 0.0000 185.1725 0.9665 0.7992 0.3023 -10.0004 0.1012 6.3024 0.0000 0.9989
Car -1 -1 -0.3729 876.8948 179.6277 903.6986 245.5568 2.1359 0.7528 0.5923 -9.3244 -0.2269 -23.8321 0.0000 0.9999
Car -1 -1 -0.1483 708.9129 196.7169 723.4451 222.9184 1.2153 0.4946 0.6150 -5.1058 -1.1377 -34.1677 0.0000 0.9998
Car -1 -1 -1.3351 1241.0000 0.0000 1241.0000 73.9440 1.1369 0.3333 0.7405 31.0863 -1.0461 7.4644 0.0000 0.9980
Car -1 -1 -1.3049 1241.0000 0.0000 1241.0000 157.2253 2.5959 0.4419 0.9864 27.5211 -0.1668 7.4948 0.0000 0.9998
Car -1 -1 0.2396 420.9468 182.3229 442.4933 236.5860 2.2525 0.7849 0.7167 7.4469 -0.4048 -30.4832 0.0000 0.9995
Car -1 -1 0.3185 257.0400 161.6540 456.5725 319.6479 1.7745 1.8021 1.8589 2.9699 0.1261 -9.0076 0.0000 0.6995
Car -1 -1 1.2466 0.0000 238.8966 0.0000 338.0751 1.1752 0.4119 1.0268 26.8754 -0.8450 -9.0329 0.0000 0.9198
Car -1 -1 -1.2849 1241.0000 0.3457 1241.0000 110.4430 1.0947 0.1827 0.6697 25.0631 -0.6450 7.3667 0.0000 0.9995
Car -1 -1 -0.3176 831.5979 178.6503 859.4284 215.3940 1.3913 1.1009 0.7217 -9.2206 -0.2294 -28.0484 0.0000 0.9999
Car -1 -1 -0.2819 804.4483 178.0625 830.5334 214.0212 1.5882 1.1638 0.8439 -9.4496 -0.2393 -32.6225 0.0000 0.9965
Car -1 -1 0.3807 302.8854 185.8390 334.3168 223.0107 1.1088 0.6339 0.7054 8.8291 -0.4024 -22.0632 0.0000 0.9863
Car -1 -1 1.2974 0.0000 0.0000 0.0000 182.1614 1.2759 2.6613 0.5747 -14.5698 0.0359 4.0854 0.0000 0.7998
Car -1 -1 -0.4687 971.1148 138.8545 982.8774 169.2743 0.8557 0.5168 0.0729 10.4363 -0.1032 20.6128 0.0000 0.9999
Car -1 -1 0.3540 324.0934 187.0002 355.6570 218.7260 0.7690 1.9270 0.1246 7.1373 -0.3972 -19.3150 0.0000 0.8717
Car -1 -1 -0.2572 788.4855 173.8043 807.7390 200.0331 1.1982 0.4795 0.7611 -8.7378 -0.0437 -33.2229 0.0000 0.9849
Car -1 -1 0.2073 392.7906 130.2337 498.6165 275.8675 1.2998 1.6844 0.6855 1.5320 0.3807 -7.2846 0.0000 0.9972
Car -1 -1 -0.4887 965.3982 144.3528 1029.6501 204.6314 1.1888 1.4007 0.5764 7.9369 0.6271 14.9277 0.0000 0.9950
Car -1 -1 1.0965 0.0000 122.7156 0.0000 236.0336 0.6123 0.3450 0.5513 -7.9236 0.3417 4.0683 0.0000 0.9992
Car -1 -1 1.3183 0.0000 132.7377 0.0000 262.2590 1.2821 0.7004 0.3167 29.0493 0.3975 -7.4952 0.0000 1.0000
Car -1 -1 -1.3359 1241.0000 107.3670 1241.0000 222.2084 1.1618 0.2920 0.8259 31.0970 0.4997 7.4430 0.0000 0.9971
Car -1 -1 0.3619 296.7591 143.4069 364.6398 208.3809 1.0189 1.4918 0.5581 4.5663 0.4621 -12.0635 0.0000 0.9873
Car -1 -1 0.6941 0.0000 141.9935 55.1072 205.9905 1.0029 1.0535 0.8270 9.8523 0.4840 -11.8371 0.0000 0.9130
Car -1 -1 1.3742 0.0000 91.1020 0.0000 268.1121 1.1053 1.6227 0.9749 26.7073 0.5109 -5.3197 0.0000 0.4223
Car -1 -1 -1.0419 1241.0000 58.0119 1241.0000 197.0507 1.1022 0.1132 0.1931 9.8790 0.1922 5.7735 0.0000 0.9996
Car -1 -1 0.1096 519.5502 186.0309 544.4430 204.6953 0.5123 0.9089 0.6234 -2.2990 0.9027 20.8999 0.0000 0.6529
Car -1 -1 1.2883 0.0000 157.9481 0.0000 374.0000 0.7714 2.0551 1.0479 -12.2195 0.7197 3.5463 0.0000 0.4924
Car -1 -1 -1.2384 1241.0000 216.6412 1241.0000 335.5004 0.7685 0.6039 0.4432 -15.0405 -0.3329 -5.1923 0.0000 0.9937
Car -1 -1 0.2721 398.4713 161.7249 414.4985 179.7054 0.6554 0.4408 0.4650 7.4018 0.4060 -26.5231 0.0000 0.7989
Car -1 -1 -0.2015 741.3371 156.6645 769.4787 170.3625 0.4650 0.5207 0.8638 -5.0772 0.5520 -24.8494 0.0000 0.6204
Car -1 -1 -0.8429 1230.7180 54.7128 1241.0000 296.1949 1.1211 0.5732 1.5200 4.0774 0.5730 3.6337 0.0000 0.9979
Car -1 -1 0.1708 448.5380 134.8165 509.6610 184.1442 0.7673 1.9564 0.6799 2.1048 0.5920 -12.2041 0.0000 0.4547
Car -1 -1 -0.2272 743.9353 187.7211 817.6053 218.5456 0.6041 1.4182 1.2495 3.5900 0.9392 15.5315 0.0000 0.5497
Car -1 -1 -0.3992 881.9881 182.0188 943.6611 245.8991 1.8626 1.1980 1.3606 -9.2007 -0.2843 -21.8119 0.0000 0.9965
Car -1 -1 -1.0581 1241.0000 0.0000 1241.0000 57.5168 0.3006 0.5757 0.1498 -6.1161 0.8969 -3.4427 0.0000 0.6944
Car -1 -1 0.7682 0.0000 33.9890 0.0000 94.7701 0.3600 0.1825 0.2075 4.4468 0.8680 -4.6024 0.0000 0.9991
