Car -1 -1 -1.3185 1241.0000 201.3356 1241.0000 374.0000 1.0377 1.1001 1.4648 -15.3842 -0.1778 -3.9652 0.0000 0.7617
Car -1 -1 -0.5854 1058.0749 190.8307 1114.6218 240.3539 1.3152 0.8380 1.0046 -13.1832 -0.5055 -19.8875 0.0000 0.9292
Car -1 -1 -0.4830 952.1782 119.4765 1031.2468 156.4253 0.9663 1.7471 1.3234 10.7607 -0.4868 20.5177 0.0000 0.5304
Car -1 -1 -1.2615 1241.0000 191.2578 1241.0000 349.7486 1.4553 1.2303 0.8514 -23.1155 -0.2036 -7.3859 0.0000 0.9944
Car -1 -1 -0.8474 1241.0000 160.8895 1241.0000 291.4375 2.4502 1.1206 1.6695 -15.9735 0.2249 -14.1053 0.0000 0.9908
Car -1 -1 -0.5579 1033.3393 188.0097 1083.1474 239.7219 1.5754 0.4978 1.2350 -13.9655 -0.4749 -22.3785 0.0000 0.9761
Car -1 -1 -0.5298 1014.4196 188.2796 1046.1866 239.1707 1.4842 0.4360 0.6876 -12.5297 -0.4617 -21.3957 0.0000 0.9997
Car -1 -1 1.1622 0.0000 200.0071 0.0000 374.0000 2.2383 2.3915 2.0745 24.3256 -0.4409 -10.5323 0.0000 0.7172
Car -1 -1 1.2188 0.0000 252.9098 0.0000 336.0385 0.9892 0.7048 0.8339 26.1869 -1.1057 -9.6195 0.0000 0.9513
Car -1 -1 -0.7886 1241.0000 191.8894 1241.0000 231.7440 1.0495 1.5615 1.1433 -20.6600 -0.5618 -20.5294 0.0000 0.9113
Car -1 -1 -0.7423 1241.0000 193.3065 1241.0000 241.8466 0.7787 0.3218 0.1414 -10.8923 -0.3407 -11.8743 0.0000 0.9997
Car -1 -1 1.1195 0.0000 211.5742 0.0000 308.3050 1.4976 1.2177 0.4982 25.3170 -0.6906 -12.2697 0.0000 0.9990
Car -1 -1 1.1276 0.0000 177.1523 0.0000 374.0000 2.3142 1.4990 1.6301 17.6181 -0.0539 -8.3621 0.0000 0.9987
Car -1 -1 -0.8262 1241.0000 88.2001 1241.0000 160.3332 1.1444 1.7873 0.6573 13.7242 -0.2347 12.6485 0.0000 0.6558
Car -1 -1 -0.4799 975.3457 185.0432 991.6016 209.0506 0.8080 0.2733 0.4117 -12.7858 -0.4169 -24.5628 0.0000 0.9996
Car -1 -1 1.0892 0.0000 196.1783 0.0000 274.9756 1.4008 1.0575 0.4013 26.1608 -0.4586 -13.6712 0.0000 0.9982
Car -1 -1 0.3159 349.7425 132.9063 403.0369 176.9126 0.7713 0.6795 0.7396 -4.2439 0.0715 12.9836 0.0000 0.8308
Car -1 -1 1.0249 0.0000 164.6626 0.0000 260.9293 1.9882 1.8433 1.2490 26.0540 0.1695 -15.8261 0.0000 0.9962
Car -1 -1 0.9766 0.0000 138.5707 0.0000 197.1757 0.6287 0.3691 0.4949 -11.7267 0.2613 7.9227 0.0000 0.6553
Car -1 -1 -1.3978 1241.0000 94.1364 1241.0000 374.0000 1.1008 0.7820 1.0899 -15.1114 0.2456 -2.6412 0.0000 0.7788
Car -1 -1 -1.3439 1241.0000 125.6060 1241.0000 245.0242 0.3878 0.2196 0.2986 -10.6355 0.1538 -2.4557 0.0000 0.9965
Car -1 -1 -1.3065 1241.0000 87.2098 1241.0000 332.4671 1.3921 0.4859 1.0715 -16.0433 0.4865 -4.3412 0.0000 0.9959
Car -1 -1 -0.5700 1040.2461 141.9099 1112.7323 174.5782 0.6226 1.2550 0.6323 9.2135 0.0332 14.3759 0.0000 0.8325
Car -1 -1 1.2093 0.0000 85.3112 0.0000 374.0000 1.3262 1.3796 1.0244 10.3110 0.3894 -3.8988 0.0000 0.8618
Car -1 -1 -1.2272 1241.0000 86.8316 1241.0000 229.8910 0.7924 1.0029 0.7196 12.5640 0.3163 4.4953 0.0000 0.5847
Car -1 -1 0.7819 0.0000 173.0772 0.0000 198.2909 0.5921 0.2174 0.6521 16.9407 -0.0050 -17.0588 0.0000 0.8645
Car -1 -1 0.1445 371.1315 147.4413 606.9420 218.2760 0.6307 2.7976 2.0894 -1.1380 0.4048 7.8204 0.0000 0.4814
Car -1 -1 -1.2904 1241.0000 106.1179 1241.0000 203.0120 0.7053 0.2691 0.3792 -18.7099 0.4861 -5.3891 0.0000 0.9973
Car -1 -1 0.8503 0.0000 155.6497 0.0000 222.5589 1.2256 0.6691 0.6715 15.4393 0.3155 -13.5542 0.0000 0.9955
Car -1 -1 1.2176 0.0000 164.0391 0.0000 205.0955 0.2190 0.4934 0.2779 11.1162 0.0474 -4.0986 0.0000 0.4686
Car -1 -1 -1.2130 1241.0000 86.0198 1241.0000 150.0910 0.6613 0.4875 0.4211 -21.0434 0.9174 -7.8669 0.0000 0.9946
Car -1 -1 0.6907 0.0000 65.2765 103.0572 178.3563 1.0406 1.4125 0.7131 -6.0689 0.0510 7.3432 0.0000 0.9625
Car -1 -1 1.0928 0.0000 134.8791 0.0000 164.2312 0.5331 0.6259 0.4634 26.2647 0.6998 -13.6053 0.0000 0.6434
Car -1 -1 0.3753 306.2014 188.7008 352.2052 213.4946 0.2778 0.7516 0.2780 -3.5221 0.4828 8.9387 0.0000 0.4410
Car -1 -1 -1.1557 1241.0000 53.2136 1241.0000 137.2692 0.6235 1.5222 1.2903 -15.3421 0.9947 -6.7607 0.0000 0.5892
Car -1 -1 -0.2595 786.1566 132.7175 812.3629 169.1346 1.0422 0.4651 0.6379 -5.5580 1.1516 -20.9314 0.0000 0.9990
Car -1 -1 0.6320 43.6061 131.7165 111.0990 176.5397 0.9387 0.9848 0.7332 11.4262 0.8619 -15.6062 0.0000 0.9981
Car -1 -1 0.6750 0.0000 59.2475 377.0862 354.1080 0.7986 2.9464 2.2048 -2.7412 0.4913 3.4248 0.0000 0.5425
Car -1 -1 0.3105 363.4643 125.0345 386.7527 163.2520 0.8341 0.4794 0.3641 5.1702 1.0520 -16.1103 0.0000 0.9979
Car -1 -1 0.9517 0.0000 217.4652 0.0000 278.7569 0.2817 0.3449 0.1282 -5.2447 0.5239 3.7370 0.0000 0.9292
Car -1 -1 -0.7135 1198.0305 94.3073 1241.0000 108.1545 0.1845 0.6834 0.6424 -11.3840 1.3946 -13.1520 0.0000 0.5303
Car -1 -1 -0.7292 1166.5474 309.9776 1241.0000 353.3577 0.1227 1.4799 0.7847 6.6618 1.6813 7.4565 0.0000 0.4813
