Car -1 -1 0.7110 0.0000 93.6560 91.4663 170.7151 1.1193 2.0010 1.7453 -9.9347 -0.0368 11.5339 0.0000 0.3999
Car -1 -1 -0.6275 969.5782 134.4941 1241.0000 362.1956 1.8684 2.5604 1.8660 -5.2245 0.3151 -7.2034 0.0000 0.7928
Car -1 -1 -0.2201 744.8156 178.1060 795.4672 254.4800 1.9512 2.0674 0.9165 -4.3878 -0.1499 -19.6123 0.0000 0.9995
Car -1 -1 0.1207 498.7841 189.0852 540.3751 243.3689 1.5425 0.8382 1.1159 2.5685 -0.4854 -21.1760 0.0000 0.9961
Car -1 -1 0.1926 448.0713 186.3138 482.4787 259.1061 1.3216 0.5728 0.5289 2.6314 -0.2567 -13.4952 0.0000 0.9997
Car -1 -1 0.4313 243.0745 173.8730 294.0197 325.4719 1.1042 0.3550 0.2160 2.5026 -0.0076 -5.4379 0.0000 0.9999
Car -1 -1 -0.7227 1099.2333 0.0000 1241.0000 243.7449 1.1922 1.2123 0.3279 2.2456 0.1913 2.5467 0.0000 0.9997
Car -1 -1 -0.0467 636.4180 131.0865 653.8980 161.9140 0.9921 0.2289 0.5560 1.0940 -0.3564 23.4128 0.0000 0.9986
Car -1 -1 -0.1363 697.8530 204.4178 716.2074 218.9533 0.5138 0.5308 0.6131 -3.6932 -1.1889 -26.9240 0.0000 0.8147
Car -1 -1 0.1754 457.5455 194.9685 501.8265 231.9304 1.4696 1.4826 1.5937 5.3744 -0.9516 -30.3202 0.0000 0.8342
Car -1 -1 0.2812 380.8931 193.3348 414.5716 250.8361 1.3854 2.8351 0.0924 5.7231 -0.6022 -19.8138 0.0000 0.8378
Car -1 -1 -0.1598 708.0925 191.1997 741.0330 222.7197 1.1087 1.1152 1.0360 -4.2845 -0.6898 -26.5881 0.0000 0.9833
Car -1 -1 0.3173 353.7401 138.1716 394.5994 203.7349 1.8472 1.1571 0.8064 -6.8641 0.8704 20.9045 0.0000 0.9993
Car -1 -1 -0.1903 735.3371 185.1233 758.7328 203.2494 0.6334 0.6007 0.7260 -4.9936 -0.4455 -25.9227 0.0000 0.7338
Car -1 -1 1.0879 0.0000 0.0000 0.0000 217.8139 2.1260 2.1612 0.9142 -15.3412 0.4343 8.0427 0.0000 0.9834
Car -1 -1 1.2737 0.0000 151.1109 0.0000 329.5772 0.7072 0.3984 0.7361 -9.9821 0.6214 3.0556 0.0000 0.9874
Car -1 -1 0.3168 367.0858 195.8040 383.1609 226.3598 0.7743 0.8349 0.1594 -6.3355 1.4028 19.3266 0.0000 0.9988
Car -1 -1 0.2426 422.5729 130.7537 435.3143 150.1245 0.5785 0.8852 0.1851 5.7009 1.3182 -23.0319 0.0000 0.9700
Car -1 -1 0.2541 402.6160 124.9237 436.6849 142.2943 0.4438 1.0872 0.7002 5.4254 1.3519 -20.8920 0.0000 0.6164
Car -1 -1 1.2286 0.0000 0.0000 0.0000 234.8850 1.4270 0.9083 1.2832 -8.8626 0.2330 3.1569 0.0000 0.9975
Car -1 -1 1.3126 0.0000 0.0000 0.0000 263.9114 1.7006 1.0406 1.1632 -11.3270 0.3126 2.9917 0.0000 0.9945
Car -1 -1 1.3375 0.0000 0.0000 0.0000 226.2342 1.1549 0.1715 0.4282 -7.6266 0.1283 1.8120 0.0000 0.9999
