Car -1 -1 1.4735 0.0000 0.0000 0.0000 12.2148 0.3495 1.1910 0.6750 -30.8081 -0.8026 3.0082 0.0000 0.5359
Car -1 -1 -0.7667 1241.0000 179.7551 1241.0000 238.0070 1.3522 1.2509 1.1687 -16.8820 -0.1732 -17.5256 0.0000 0.9946
Car -1 -1 1.3921 0.0000 181.4702 0.0000 262.3585 0.5901 0.7310 0.6539 -31.5811 0.6630 5.7044 0.0000 0.5307
Car -1 -1 -0.5216 1010.1020 170.5244 1035.8690 181.5354 0.4650 0.6551 0.7245 -17.7006 0.0987 -30.8008 0.0000 0.7082
Car -1 -1 1.5004 0.0000 181.4854 0.0000 374.0000 0.9316 0.7219 0.8600 -30.5581 0.9621 2.1540 0.0000 0.5362
Car -1 -1 1.2693 0.0000 110.9121 0.0000 290.7338 0.7152 0.1342 0.4595 -9.4349 0.4692 2.9340 0.0000 0.9999
Car -1 -1 0.5937 7.8613 173.1334 222.3516 220.7931 0.6170 2.2849 1.5547 -7.0835 0.6219 10.4944 0.0000 0.5007
Car -1 -1 1.5454 0.0000 0.0000 0.0000 0.0000 0.3456 0.9144 0.7627 -30.4151 -0.8114 0.7717 0.0000 0.5155
Car -1 -1 0.8017 0.0000 198.0547 0.0000 218.8542 0.7595 0.9577 0.7204 -28.9143 1.7541 27.9843 0.0000 0.7640
Car -1 -1 -1.2075 1241.0000 110.0334 1241.0000 159.3649 0.7726 0.4437 0.6688 -30.6334 0.9948 -11.6466 0.0000 0.9751
Car -1 -1 -1.2564 1241.0000 85.3738 1241.0000 147.7021 0.7456 0.6909 1.0266 -28.4669 1.0806 -9.2584 0.0000 0.6008
Car -1 -1 -1.1703 1241.0000 105.8853 1241.0000 152.1276 0.7850 0.5948 0.6484 -30.2695 1.1619 -12.8151 0.0000 0.9802
Car -1 -1 -0.5457 1025.8975 146.2978 1064.9284 186.5193 0.8610 0.5816 0.5000 -9.5580 0.5689 -15.7396 0.0000 0.9975
Car -1 -1 0.2157 433.3122 156.9959 464.8737 178.9074 0.6264 0.8146 0.7389 4.6092 0.4537 -21.0373 0.0000 0.4874
Car -1 -1 1.4852 0.0000 374.0000 0.0000 374.0000 0.5547 0.5231 0.3988 -31.0743 1.5614 2.6668 0.0000 0.7361
Car -1 -1 -1.1860 1241.0000 60.0517 1241.0000 164.7224 1.5657 1.9014 1.2802 -29.3699 1.7107 -11.8939 0.0000 0.9751
Car -1 -1 0.8859 0.0000 211.7542 0.0000 235.3198 0.5352 0.9147 0.5880 -22.4706 1.5498 18.3520 0.0000 0.7195
Car -1 -1 -1.2480 1241.0000 38.6029 1241.0000 114.4209 0.8762 1.0245 0.7495 -28.8314 1.6987 -9.6427 0.0000 0.5393
Car -1 -1 1.0504 0.0000 246.8040 0.0000 272.8793 0.3378 0.9499 0.6748 -21.8350 1.6695 12.5128 0.0000 0.5062
Car -1 -1 -1.0322 1241.0000 83.3114 1241.0000 129.9283 1.0594 1.3386 0.9903 -30.6292 2.1882 -18.3015 0.0000 0.8168
Car -1 -1 -1.5216 1241.0000 0.0000 1241.0000 0.0000 0.7504 0.8798 0.9094 -24.3779 1.7111 -1.1997 0.0000 0.3943
Car -1 -1 -1.1460 1241.0000 58.1105 1241.0000 118.5071 0.9831 1.2944 0.9143 -29.9764 2.0532 -13.5590 0.0000 0.6158
Car -1 -1 0.1930 454.1813 135.4561 479.8633 158.0047 0.9975 0.8373 1.0052 6.4297 1.6833 -32.8911 0.0000 0.9220
Car -1 -1 0.3370 336.1060 144.8154 372.5908 173.3957 0.8112 0.6961 0.8070 7.2985 0.7962 -20.8313 0.0000 0.8132
Car -1 -1 0.1039 510.4504 123.3770 552.3927 160.7138 0.9133 0.9021 0.9715 1.9189 1.2307 -18.3960 0.0000 0.9933
Car -1 -1 0.9275 0.0000 266.6764 0.0000 297.9325 0.4943 1.3759 0.4012 -21.6438 2.6944 16.2262 0.0000 0.4450
Car -1 -1 0.7655 0.0000 257.9500 0.0000 274.5879 0.1082 1.5461 1.0639 -12.8486 1.7770 13.3713 0.0000 0.6439
Car -1 -1 0.9846 0.0000 271.5282 0.0000 310.9799 0.5146 1.6554 0.9223 -21.6516 2.5947 14.3771 0.0000 0.6414
Car -1 -1 -0.9193 1241.0000 52.2589 1241.0000 73.4213 0.4516 1.1285 0.8830 -27.8912 3.4603 -21.2685 0.0000 0.4494
Car -1 -1 -1.0629 1241.0000 7.7329 1241.0000 41.4966 0.5710 0.8624 0.7867 -28.7292 3.5607 -15.9917 0.0000 0.5274
Car -1 -1 -1.0350 1241.0000 15.9768 1241.0000 47.5966 0.5972 0.7502 0.8096 -28.5975 3.6096 -16.9779 0.0000 0.4396
Car -1 -1 -0.9916 1241.0000 34.9810 1241.0000 66.5830 0.6670 0.6980 1.0273 -27.4085 3.3588 -17.9276 0.0000 0.4865
Car -1 -1 0.1474 448.3606 98.0388 542.6446 148.5803 0.8407 2.3451 1.4980 2.1242 1.3616 -14.3039 0.0000 0.5933
Car -1 -1 -1.1845 1241.0000 0.0000 1241.0000 2.3346 0.5490 1.1562 0.7156 -24.8134 3.0706 -10.0931 0.0000 0.3850
Car -1 -1 -0.0933 663.4711 133.4549 694.1747 159.9254 0.9235 0.3024 1.0549 2.3822 -0.4588 25.4700 0.0000 0.5258
Car -1 -1 0.5512 143.1005 133.7285 191.1492 161.4775 0.9314 1.2445 0.9251 -15.5844 -0.4092 25.3490 0.0000 0.5422
