Car -1 -1 0.8358 0.0000 49.4832 0.0000 202.8752 1.7110 0.3160 0.3353 -9.0355 0.2398 8.1678 0.0000 0.9999
Car -1 -1 1.0321 0.0000 234.0410 0.0000 285.3270 0.6735 0.2453 0.2206 16.4130 -0.7246 -9.8097 0.0000 0.9999
Car -1 -1 1.1855 0.0000 245.6569 0.0000 363.8446 0.7626 2.7884 1.7611 18.6033 -0.7965 -7.5453 0.0000 0.6259
Car -1 -1 -1.1483 1237.0000 0.0000 1237.0000 161.9319 1.6191 0.7110 1.0704 14.4306 -0.1851 6.4874 0.0000 0.9999
Car -1 -1 -0.9857 1237.0000 0.0000 1237.0000 186.7306 1.5216 0.2615 0.3368 8.1642 0.0398 5.4086 0.0000 0.9997
Car -1 -1 -0.9473 1237.0000 81.8020 1237.0000 143.5328 1.2090 0.4756 0.3469 20.2932 -0.7829 14.5959 0.0000 0.9999
Car -1 -1 1.2409 0.0000 70.8965 0.0000 129.9547 0.5837 0.5578 0.2377 -22.9628 -0.5831 7.8630 0.0000 0.9964
Car -1 -1 -0.6767 1144.5695 122.7278 1215.5664 143.8516 0.6468 1.5888 1.2503 20.5784 -1.3835 25.6208 0.0000 0.4321
Car -1 -1 -0.4902 969.2969 34.2012 1011.6241 197.2812 1.4667 0.2207 0.2673 3.5050 0.1433 6.5681 0.0000 0.9999
Car -1 -1 -0.3584 846.2843 45.2319 905.9813 197.4968 1.5142 0.4635 0.4350 2.7617 0.1604 7.3726 0.0000 0.9998
Car -1 -1 -0.2084 737.2436 95.4596 774.2684 179.7818 1.6236 0.7758 0.5659 3.0091 -0.0337 14.2326 0.0000 0.9999
Car -1 -1 -1.2524 1237.0000 212.8372 1237.0000 294.0939 1.1465 1.6793 0.8380 -35.2699 -0.5420 -11.6255 0.0000 0.9553
Car -1 -1 0.5497 127.6363 203.4071 186.7942 240.3073 0.9826 1.2454 0.9191 12.5560 -0.6420 -20.4930 0.0000 0.9443
Car -1 -1 0.6846 0.0000 210.2105 38.4458 245.0909 0.8884 0.7666 0.8355 15.7630 -0.7852 -19.3116 0.0000 0.8069
Car -1 -1 1.1247 0.0000 236.9431 0.0000 315.7680 0.8623 2.0047 0.8056 21.4806 -0.8684 -10.2730 0.0000 0.5464
Car -1 -1 0.1685 467.0104 178.6689 485.6995 248.7591 2.4006 0.6241 0.5405 4.2383 0.0989 -24.9182 0.0000 0.9999
Car -1 -1 -1.1940 1237.0000 13.6237 1237.0000 127.4754 1.5042 1.9710 0.8991 28.8328 -0.9311 11.4090 0.0000 0.7848
Car -1 -1 -0.8642 1237.0000 109.8778 1237.0000 132.0966 0.4919 0.3855 0.3847 19.8577 -1.1781 16.9513 0.0000 0.9488
Car -1 -1 -0.1585 710.9813 120.8262 722.9371 169.8161 1.6925 0.3005 0.3680 4.0022 -0.4086 25.0363 0.0000 0.9999
Car -1 -1 1.1308 0.0000 0.0000 0.0000 239.0421 1.7849 0.1489 0.3553 -9.3952 0.3500 4.4235 0.0000 0.9999
Car -1 -1 1.1665 0.0000 79.7996 0.0000 146.9849 0.8291 0.2667 0.7883 -21.3461 -0.4440 9.1321 0.0000 0.8875
Car -1 -1 0.6633 25.7226 206.3308 47.9641 244.6112 1.0918 0.2569 0.4419 16.2432 -0.7210 -20.7861 0.0000 0.9997
Car -1 -1 0.2455 399.5920 166.3944 433.8416 278.5912 1.9682 0.5318 0.4775 3.2240 0.2667 -12.8701 0.0000 0.9998
Car -1 -1 -0.7067 1199.7701 122.9957 1231.3443 141.9500 0.6065 0.5771 0.5818 20.8977 -1.3626 24.4770 0.0000 0.9776
Car -1 -1 -0.7040 1197.6373 194.9685 1219.0120 234.6116 1.0414 0.3117 0.3055 -16.2482 -0.3598 -19.1336 0.0000 0.9999
Car -1 -1 0.9666 0.0000 216.9707 0.0000 262.0294 0.8138 2.2020 0.5016 22.9049 -0.8332 -15.8102 0.0000 0.7565
Car -1 -1 0.8008 0.0000 148.4199 0.0000 179.6820 1.1587 1.0787 1.0313 -28.0749 -0.0693 27.2249 0.0000 0.8149
Car -1 -1 0.2954 368.1948 187.5123 392.7514 209.9283 1.1170 0.7540 1.0126 11.0690 -0.3055 -36.3749 0.0000 0.9921
Car -1 -1 -0.8430 1237.0000 186.5139 1237.0000 204.9767 0.5737 0.6418 0.6323 -25.6117 -0.1596 -22.8203 0.0000 0.8407
Car -1 -1 -0.4905 974.4108 184.8107 990.8332 203.7777 0.7618 0.6423 0.3277 -15.6390 -0.1345 -29.2878 0.0000 0.9993
Car -1 -1 -0.3930 887.9582 185.1863 906.1341 194.4985 0.4287 0.8356 0.5106 -14.0196 -0.1736 -33.8183 0.0000 0.6195
Car -1 -1 -1.2446 1237.0000 82.5717 1237.0000 142.7707 0.7524 0.8271 0.5839 29.3321 -0.5560 9.9210 0.0000 0.9903
Car -1 -1 -1.1908 1237.0000 150.9013 1237.0000 164.6683 0.1888 0.8372 0.4925 28.2686 -0.2732 11.2920 0.0000 0.4830
Car -1 -1 -0.3194 833.2556 151.5430 846.7418 179.0824 0.8276 0.8121 0.1433 7.2963 -0.0745 22.0619 0.0000 0.9988
Car -1 -1 0.3068 351.8090 159.1310 389.5459 200.5314 1.2864 0.4788 1.0320 7.1479 0.6969 -22.5615 0.0000 0.9885
Car -1 -1 -0.6035 1080.4580 159.7790 1107.2959 181.8466 0.6475 0.8355 0.2291 -14.8186 0.6392 -21.4973 0.0000 0.9901
Car -1 -1 -0.9009 1237.0000 132.2946 1237.0000 154.8634 0.3076 0.3845 0.4308 -13.1805 0.7035 -10.4405 0.0000 0.4227
Car -1 -1 -0.7026 1183.9210 137.9640 1229.5664 188.2354 1.3220 0.4730 0.8161 -16.1976 1.1467 -19.1296 0.0000 0.9998
Car -1 -1 -0.2761 794.2685 140.7298 810.2478 155.5643 0.4785 0.4435 0.4130 -6.8491 1.3610 -24.1708 0.0000 0.9860
Car -1 -1 -0.4733 945.6943 122.4188 986.2910 153.4058 0.6089 0.7010 0.4966 -7.7356 1.2149 -15.1034 0.0000 0.7613
Car -1 -1 -1.2913 1237.0000 263.6448 1237.0000 323.5458 0.0674 1.8456 1.2927 14.8357 0.6616 4.2585 0.0000 0.5790
Car -1 -1 0.6370 33.4435 207.2163 98.7699 241.1078 1.0118 1.2298 1.1764 17.0141 -0.8433 -22.9958 0.0000 0.7298
Car -1 -1 -0.5129 868.5290 25.9424 1197.7410 268.6244 1.0854 1.9410 0.7478 -2.3574 0.6973 -4.1858 0.0000 0.9212
Car -1 -1 -0.8321 1210.6890 49.4225 1237.0000 137.7173 0.4638 1.9686 1.0641 -6.2998 0.8749 -5.7367 0.0000 0.4943
Car -1 -1 -0.6487 1076.5696 75.2437 1212.7907 166.2635 0.7997 1.1461 0.4735 -5.3674 0.9636 -7.0792 0.0000 0.9912
Car -1 -1 -0.9158 1233.1920 0.0000 1237.0000 159.8791 0.7577 2.4837 1.5020 -5.8834 0.9326 -4.5190 0.0000 0.5490
Car -1 -1 -1.3880 1237.0000 340.6017 1237.0000 373.0000 0.3546 1.3082 0.0882 6.3217 0.7603 1.1685 0.0000 0.6752
Car -1 -1 1.1298 0.0000 186.2222 0.0000 373.0000 0.7450 1.4492 1.0171 -5.3979 0.7680 2.5478 0.0000 0.3983
Car -1 -1 0.7339 0.0000 209.4121 0.0000 251.7690 1.0393 0.6013 0.9352 16.5273 -0.7218 -18.3243 0.0000 0.9505
