0.000000 0.011736 0.022804 0.025654
0.025000 0.008973 0.022804 0.025654
0.050000 0.008973 0.022804 0.025654
0.075000 0.007630 0.022804 0.025654
0.100000 0.005749 0.016655 0.019877
0.125000 0.004663 0.013508 0.014313
0.150000 0.000000 0.010646 0.011786
0.175000 0.000000 0.010646 0.011659
0.200000 0.000000 0.008726 0.009263
0.225000 0.000000 0.008639 0.009211
0.250000 0.000000 0.000000 0.000000
0.275000 0.000000 0.000000 0.000000
0.300000 0.000000 0.000000 0.000000
0.325000 0.000000 0.000000 0.000000
0.350000 0.000000 0.000000 0.000000
0.375000 0.000000 0.000000 0.000000
0.400000 0.000000 0.000000 0.000000
0.425000 0.000000 0.000000 0.000000
0.450000 0.000000 0.000000 0.000000
0.475000 0.000000 0.000000 0.000000
0.500000 0.000000 0.000000 0.000000
0.525000 0.000000 0.000000 0.000000
0.550000 0.000000 0.000000 0.000000
0.575000 0.000000 0.000000 0.000000
0.600000 0.000000 0.000000 0.000000
0.625000 0.000000 0.000000 0.000000
0.650000 0.000000 0.000000 0.000000
0.675000 0.000000 0.000000 0.000000
0.700000 0.000000 0.000000 0.000000
0.725000 0.000000 0.000000 0.000000
0.750000 0.000000 0.000000 0.000000
0.775000 0.000000 0.000000 0.000000
0.800000 0.000000 0.000000 0.000000
0.825000 0.000000 0.000000 0.000000
0.850000 0.000000 0.000000 0.000000
0.875000 0.000000 0.000000 0.000000
0.900000 0.000000 0.000000 0.000000
0.925000 0.000000 0.000000 0.000000
0.950000 0.000000 0.000000 0.000000
0.975000 0.000000 0.000000 0.000000
1.000000 0.000000 0.000000 0.000000
